16666666
223161945677	223201521670	223187149376
223195083591	223231559117	223211129814
223210946625	223247410689	223233252760
223254033162	223281210015	223262886824
223262571768	223299031782	223283236501
223293426250	223316864014	223299966151
223313585506	223333693768	223317045311
223330730881	223350094935	223333837241
223348354256	223365012974	223350201447
223362451893	223382193066	223366737313
223383735385	223416870060	223395013855
223394721193	223433907483	223417058815
223432142520	223449385770	223434035954
223445076429	223466604492	223450650637
223460737228	223487100245	223467117577
223479824478	223511581083	223498107425
223497035838	223533514502	223516330864
223524282997	223548255953	223533578285
223542950902	223565916170	223550673928
223562677810	223582990105	223566688992
223580514801	223610781659	223598288351
223597785369	223632419369	223620332126
223620604312	223648041371	223633643426
223648856702	223668084947	223653456969
223660207316	223684925223	223668244655
223679276212	223710778213	223696350424
223695814067	223734850715	223721203145
223720663962	223775580811	223745933546
223745577463	223792003165	223775751776
223789156634	223812256513	223801641070
223801179745	223835508772	223822396399
223822005095	223851297796	223835616658
223849208332	223883681556	223861635920
223861212899	223900162823	223883848349
223894681722	223915275518	223900439388
223913302442	223931268636	223917537214
223925884908	223948395281	223933193927
223942754505	223970826964	223958670375
223958291106	223982337235	223971089071


16666666
223861212899	223900162823	223883848349
223894681722	223915275518	223900439388
223913302442	223931268636	223917537214
223925884908	223948395281	223933193927
223942754505	223970826964	223958670375
223958291106	223982337235	223971089071
223992306000	224013694587	224001040800
224000712475	224038198032	224024454518
224024132330	224051895961	224038274333
224061384181	224083139514	224061939101
224071469613	224101061366	224088621640
224093015794	224114297422	224101296226
224125037854	224147121492	224134486052
224134149214	224164382553	224150947926
224159386935	224180874597	224166395536
224175481427	224201179246	224190816337
224190491556	224215898416	224201309796
224213809194	224237776890	224226161878
224225737873	224253424500	224237846318
224248863475	224269140173	224253588232
224266793873	224301312212	224279126876
224278725471	224316497582	224301468486
224312607436	224332537256	224316671292
224328817264	224349702997	224336246228
224344324721	224365094723	224349776110
224362859042	224381619111	224367272204
224376252111	224405145295	224392115827
224391755309	224419945787	224405191718
224416682425	224455939731	224430413070
224430233005	224472451915	224456048120
224470299884	224497837865	224483937481
224484561031	224515103111	224500005787
224512549088	224536218999	224522229932
224525781235	224551238377	224536361746
224550321296	224588708313	224569815697
224582147518	224615175263	224599886969
224600007094	224636151699	224625465537
224625679699	224652217813	224636229316
224649339729	224691227591	224663107648
224662948370	224715413649	224701899965
224701477397	224738296892	224724359789
224724878061	224766588121	224747636579
224747242063	224779585494	224766753691
224790041120	224810465348	224799832579
224799791139	224830913932	224817290934
224820839181	224847253649	224833329299
224847711787	224871301913	224858257645
224857830434	224908404176	224882178579
224882067902	224925404218	224908508439
224919928340	224949956265	224936034506
224935578141	224986481168	224959638274
224959451317	225016162178	224995934241
224995452743	225033174505	225016940911
225028369778	225046359865	225033355820
225056609778	225079068369	225066491548
225079621915	225101684214	225089142947
225088689928	225142135365	225112078149
225111770020	225165017970	225152368864
225152455105	225189139106	225175302300
225176526037	225211951818	225200703647
225200173216	225234549369	225221646312
225234875105	225264738068	225244621725
225244419587	225282899507	225268640021


16666666
224701477397	224738296892	224724359789
224724878061	224766588121	224747636579
224747242063	224779585494	224766753691
224790041120	224810465348	224799832579
224799791139	224830913932	224817290934
224820839181	224847253649	224833329299
224847711787	224871301913	224858257645
224857830434	224908404176	224882178579
224882067902	224925404218	224908508439
224919928340	224949956265	224936034506
224935578141	224986481168	224959638274
224959451317	225016162178	224995934241
224995452743	225033174505	225016940911
225028369778	225046359865	225033355820
225056609778	225079068369	225066491548
225079621915	225101684214	225089142947
225088689928	225142135365	225112078149
225111770020	225165017970	225152368864
225152455105	225189139106	225175302300
225176526037	225211951818	225200703647
225200173216	225234549369	225221646312
225234875105	225264738068	225244621725
225244419587	225282899507	225268640021
225282932351	225319718796	225294275683
225294082076	225346967982	225330992343
225330373116	225370006223	225357094348
225356698495	225385864040	225370169634
225381585212	225401388814	225386014093
225396821739	225416172314	225401486480
225413332590	225439006514	225424532270
225426117215	225454157870	225439146463
225449844991	225481811526	225463873294
225463483840	225499653777	225486182663
225493252572	225515434202	225499763425
225512623328	225531120319	225517124485
225525436507	225546967890	225533649560
225553145559	225591676107	225562450571
225562099126	225611460315	225600817770
225600507037	225633617081	225621478038
225621053780	225651240268	225633782635
225645738488	225667138546	225651297379
225661773570	225681433073	225667195216
225679790059	225703083824	225688299355
225691468185	225718324466	225703221576
225714874193	225733842735	225718571401
225732071684	225749757285	225733992281
225746665344	225766511184	225749890557
225762293568	225781751727	225766645884
225782532268	225805108540	225792779873
225792383626	225820819159	225805278992
225818845968	225856000558	225830523518
225830366889	225872941969	225856154626
225868962380	225903802029	225882807126
225882339215	225917544307	225903966943
225918259043	225948365947	225927842207
225927371746	225966245383	225952682625
225960109192	225982473001	225968081501
225977029401	225997971890	225983546992
225994126266	226015403372	225999740618
226010564402	226037097663	226023925194
226023594400	226051915050	226037197819
226048603295	226067529338	226052022653
226065598535	226083376354	226067655937
226080296701	226094894812	226083857322


16666666
225661773570	225681433073	225667195216
225679790059	225703083824	225688299355
225691468185	225718324466	225703221576
225714874193	225733842735	225718571401
225732071684	225749757285	225733992281
225746665344	225766511184	225749890557
225762293568	225781751727	225766645884
225782532268	225805108540	225792779873
225792383626	225820819159	225805278992
225818845968	225856000558	225830523518
225830366889	225872941969	225856154626
225868962380	225903802029	225882807126
225882339215	225917544307	225903966943
225918259043	225948365947	225927842207
225927371746	225966245383	225952682625
225960109192	225982473001	225968081501
225977029401	225997971890	225983546992
225994126266	226015403372	225999740618
226010564402	226037097663	226023925194
226023594400	226051915050	226037197819
226048603295	226067529338	226052022653
226065598535	226083376354	226067655937
226080296701	226094894812	226083857322
226102288839	226133942168	226112131780
226111847122	226149845205	226134125223
226146358377	226165121218	226150088437
226161520180	226187566216	226171591657
226174504764	226202649664	226187731788
226199533780	226231741564	226212820156
226212452913	226247864407	226233813353
226243722022	226271335941	226258116699
226257734592	226286084953	226271502215
226284723618	226323762430	226296963918
226296799941	226338777350	226323882033
226336536512	226369446547	226348395359
226348073379	226384687560	226369609044
226381809185	226399807637	226384843839
226396226668	226414940697	226399942640
226413100643	226435331433	226420852256
226423135592	226450902467	226435436973
226447925466	226481189258	226460256497
226459794069	226502459470	226491440741
226490991380	226517487522	226502622340
226515331985	226532868363	226517645415
226529789833	226547187110	226533480629
226556110674	226589656668	226564903446
226564619038	226612170751	226599935161
226599541812	226634300681	226620745262
226620430611	226666849780	226644475126
226644391870	226683489877	226667027316
226679994303	226714408753	226692682359
226692486491	226730518213	226717414384
226724819779	226747025551	226733318570
226747495020	226769411201	226757349979
226756891964	226808712832	226779113767
226778770900	226824240955	226809062812
226823152418	226845559094	226833707772
226833319240	226869746867	226856367549
226855841969	226885172542	226869853553
226882989734	226915634430	226895263470
226894868698	226934913087	226919910239
226926279281	226950175018	226934986073
226946471072	226966124168	226950344429


16666666
226396226668	226414940697	226399942640
226413100643	226435331433	226420852256
226423135592	226450902467	226435436973
226447925466	226481189258	226460256497
226459794069	226502459470	226491440741
226490991380	226517487522	226502622340
226515331985	226532868363	226517645415
226529789833	226547187110	226533480629
226556110674	226589656668	226564903446
226564619038	226612170751	226599935161
226599541812	226634300681	226620745262
226620430611	226666849780	226644475126
226644391870	226683489877	226667027316
226679994303	226714408753	226692682359
226692486491	226730518213	226717414384
226724819779	226747025551	226733318570
226747495020	226769411201	226757349979
226756891964	226808712832	226779113767
226778770900	226824240955	226809062812
226823152418	226845559094	226833707772
226833319240	226869746867	226856367549
226855841969	226885172542	226869853553
226882989734	226915634430	226895263470
226894868698	226934913087	226919910239
226926279281	226950175018	226934986073
226946471072	226966124168	226950344429
226963278242	226985178393	226966651058
226985528562	227024470078	226995582148
226995429602	227040159046	227024676385
227037881978	227060638337	227050285268
227050249731	227082716885	227070307593
227069705155	227106187019	227089527005
227093490582	227120659489	227106360586
227117684326	227149134016	227130689121
227130289744	227164441005	227151131291
227159349787	227187238625	227174759922
227174315391	227201617537	227187352181
227198578211	227217331488	227201771413
227215203290	227232474793	227217465253
227227606511	227255260954	227242438810
227242049673	227269796581	227255424710
227266811065	227304482822	227279728840
227279340476	227320267376	227304672041
227318071073	227351470616	227331535713
227331113895	227368348417	227351804536
227363426745	227384524411	227368420783
227381006366	227399231217	227384652646
227396047464	227414695308	227400485618
227412859088	227438738531	227425735812
227425246310	227454585197	227438908301
227451154616	227492712016	227464947868
227464617469	227513928124	227502915748
227502192521	227534661450	227523974183
227523590340	227570396087	227543894202
227543576946	227585782947	227570562173
227583583821	227613387800	227596324979
227596142632	227632230078	227618584435
227632360127	227647603401	227634270391
227655098992	227693665840	227663646864
227663066996	227708417840	227693824936
227706491148	227732145519	227719088850
227719119688	227755427141	227741637454
227741239515	227772232946	227755555836


16666666
227198578211	227217331488	227201771413
227215203290	227232474793	227217465253
227227606511	227255260954	227242438810
227242049673	227269796581	227255424710
227266811065	227304482822	227279728840
227279340476	227320267376	227304672041
227318071073	227351470616	227331535713
227331113895	227368348417	227351804536
227363426745	227384524411	227368420783
227381006366	227399231217	227384652646
227396047464	227414695308	227400485618
227412859088	227438738531	227425735812
227425246310	227454585197	227438908301
227451154616	227492712016	227464947868
227464617469	227513928124	227502915748
227502192521	227534661450	227523974183
227523590340	227570396087	227543894202
227543576946	227585782947	227570562173
227583583821	227613387800	227596324979
227596142632	227632230078	227618584435
227632360127	227647603401	227634270391
227655098992	227693665840	227663646864
227663066996	227708417840	227693824936
227706491148	227732145519	227719088850
227719119688	227755427141	227741637454
227741239515	227772232946	227755555836
227767526024	227801115585	227783457812
227783367121	227832562524	227812476799
227811894186	227851522479	227835848899
227843068244	227867884640	227851580153
227865869979	227912832641	227877170169
227876623320	227935544886	227923433432
227922752352	227972279031	227945843022
227945385799	228005268192	227982514643
227982423379	228034909385	228015020006
228014631109	228049888369	228035068153
228047699914	228080079928	228060349271
228060178457	228097952991	228085061895
228098177174	228114247125	228100279819
228120549645	228159366328	228129532036
228129268957	228174163887	228159529937
228172288869	228194718378	228183582755
228183260711	228216628891	228204621234
228204251815	228230821088	228216788163
228228905074	228251004926	228240455893
228240376704	228285782717	228260054966
228259874168	228299732653	228285944747
228296754359	228314057439	228299858694
228311432203	228331966568	228318970844
228323498203	228347650902	228334374732
228342427601	228370527780	228357984750
228357748643	228381393274	228370704796
228388279468	228423670088	228398070002
228397889004	228446088806	228434037380
228433959124	228468877593	228456785637
228456813854	228484805300	228469041527
228482404441	228515005307	228493441267
228493029466	228533313918	228519948416
228526538902	228548106457	228533419546
228545143357	228565651324	228551365977
228559910773	228580623417	228567210922
228580052189	228601161235	228587918544
228589649381	228615827084	228601285507
228613984541	228638128703	228626855149


16666666
228060178457	228097952991	228085061895
228098177174	228114247125	228100279819
228120549645	228159366328	228129532036
228129268957	228174163887	228159529937
228172288869	228194718378	228183582755
228183260711	228216628891	228204621234
228204251815	228230821088	228216788163
228228905074	228251004926	228240455893
228240376704	228285782717	228260054966
228259874168	228299732653	228285944747
228296754359	228314057439	228299858694
228311432203	228331966568	228318970844
228323498203	228347650902	228334374732
228342427601	228370527780	228357984750
228357748643	228381393274	228370704796
228388279468	228423670088	228398070002
228397889004	228446088806	228434037380
228433959124	228468877593	228456785637
228456813854	228484805300	228469041527
228482404441	228515005307	228493441267
228493029466	228533313918	228519948416
228526538902	228548106457	228533419546
228545143357	228565651324	228551365977
228559910773	228580623417	228567210922
228580052189	228601161235	228587918544
228589649381	228615827084	228601285507
228613984541	228638128703	228626855149
228626525541	228651621194	228638403451
228653054847	228689241927	228661736834
228661584597	228703261950	228689400531
228701543340	228735243447	228713582707
228713310814	228749634308	228735363686
228746001826	228764416133	228750114673
228761452803	228782794048	228769097625
228774874435	228798368823	228784470641
228793576688	228814778266	228799959424
228809468780	228833937706	228823278605
228823038851	228848530511	228833995336
228845427064	228870639196	228857905062
228857528192	228885295321	228870883164
228881153385	228919911550	228895567550
228895405463	228952420468	228930736684
228930308002	228982727265	228963297656
228962876254	228999636105	228986335195
228993219016	229016277984	229001604268
229009872758	229031911129	229017116546
229028289871	229046166834	229033006496
229055306468	229090564461	229064562329
229064393362	229105273896	229090763574
229102906376	229140231022	229114689402
229114344149	229156807983	229140395655
229152538653	229179170911	229167293278
229166866950	229199888576	229188880005
229189204647	229214613479	229200009954
229211465022	229235283437	229219624849
229223290083	229249416753	229235444175
229245876458	229265154412	229249969686
229259897603	229288359178	229274625164
229274259669	229325862556	229298123178
229298019035	229340122373	229326021089
229338061904	229373040637	229349329864
229349225727	229387466919	229373148655
229385546269	229419106104	229396851938
229396688105	229434619977	229419245926


16666666
228845427064	228870639196	228857905062
228857528192	228885295321	228870883164
228881153385	228919911550	228895567550
228895405463	228952420468	228930736684
228930308002	228982727265	228963297656
228962876254	228999636105	228986335195
228993219016	229016277984	229001604268
229009872758	229031911129	229017116546
229028289871	229046166834	229033006496
229055306468	229090564461	229064562329
229064393362	229105273896	229090763574
229102906376	229140231022	229114689402
229114344149	229156807983	229140395655
229152538653	229179170911	229167293278
229166866950	229199888576	229188880005
229189204647	229214613479	229200009954
229211465022	229235283437	229219624849
229223290083	229249416753	229235444175
229245876458	229265154412	229249969686
229259897603	229288359178	229274625164
229274259669	229325862556	229298123178
229298019035	229340122373	229326021089
229338061904	229373040637	229349329864
229349225727	229387466919	229373148655
229385546269	229419106104	229396851938
229396688105	229434619977	229419245926
229432437773	229460822291	229443708234
229443572415	229483298353	229469750055
229471054784	229498822758	229483412893
229496518643	229515561018	229500391015
229510232053	229530702524	229516285430
229525547693	229553408760	229539928769
229539398212	229566421660	229553508746
229574621121	229605405360	229582710395
229582610127	229620479254	229605560524
229618109039	229651339446	229630456094
229630323676	229666582560	229651494206
229663730859	229682702277	229666739398
229678562362	229697219774	229683338862
229694408815	229718823343	229703403569
229719117293	229746803534	229729302377
229729057896	229762303955	229750394727
229762534488	229783531502	229771887640
229771412776	229798445345	229783599269
229793211842	229819312209	229808908507
229808549990	229833167330	229819373473
229829838332	229847040688	229833297727
229844478067	229869593352	229856931809
229856697770	229883141552	229869695023
229883591579	229917863675	229892339617
229892186059	229931640247	229917960541
229929680556	229948668705	229936096352
229941707050	229964794302	229951516380
229959468063	229980755060	229967571917
229975682148	230003097014	229990700210
229990398916	230016192291	230003254358
230016058387	230056930973	230024559165
230024054645	230071677672	230057020164
230069507577	230105636901	230081425162
230081255994	230135772509	230115467201
230115066267	230167930548	230146211066
230146029234	230197261073	230178178251
230177822877	230214628015	230201499661
230208431844	230231111852	230217387176


16666666
229762534488	229783531502	229771887640
229771412776	229798445345	229783599269
229793211842	229819312209	229808908507
229808549990	229833167330	229819373473
229829838332	229847040688	229833297727
229844478067	229869593352	229856931809
229856697770	229883141552	229869695023
229883591579	229917863675	229892339617
229892186059	229931640247	229917960541
229929680556	229948668705	229936096352
229941707050	229964794302	229951516380
229959468063	229980755060	229967571917
229975682148	230003097014	229990700210
229990398916	230016192291	230003254358
230016058387	230056930973	230024559165
230024054645	230071677672	230057020164
230069507577	230105636901	230081425162
230081255994	230135772509	230115467201
230115066267	230167930548	230146211066
230146029234	230197261073	230178178251
230177822877	230214628015	230201499661
230208431844	230231111852	230217387176
230237575827	230272009880	230246340686
230246128253	230310823843	230280840058
230280745920	230333581232	230320854926
230320577978	230369506206	230343715165
230343528159	230383959602	230369621229
230382095372	230398242799	230384073294
230394362410	230417255973	230404519353
230406945063	230431667037	230417355029
230429581541	230448378254	230435839990
230442917908	230465072599	230451113252
230459644109	230481089859	230467276373
230475765146	230502882361	230491083278
230490511340	230517724134	230503025875
230514624054	230533484637	230517885491
230528119286	230549831590	230533595946
230543537292	230565356877	230549922703
230563022556	230587394743	230574488629
230573983911	230602774595	230587503854
230599344433	230634154315	230613311735
230612875507	230649336501	230634252494
230647083937	230663900124	230649817239
230664971531	230681003579	230667940957
230675647675	230703023206	230691300937
230690879001	230717932741	230703287079
230716121647	230755995337	230728464594
230728092619	230770547397	230756147963
230767338265	230802958042	230780936737
230780808711	230817019487	230803079536
230814680847	230831409242	230817176616
230829838324	230852869696	230838630734
230840847086	230867230356	230852975049
230863253997	230882492380	230867332198
230877638907	230896802137	230883015507
230893266054	230913862138	230900741119
230905409295	230930788491	230916451079
230925300695	230953848111	230940803139
230940477682	230989848666	230963271291
230963174158	231020320267	230999364491
230999049129	231035737102	231020441079
231031546597	231064859196	231045181071
231044758690	231081651613	231067809364
231076199137	231100877294	231086950615


16666666
230612875507	230649336501	230634252494
230647083937	230663900124	230649817239
230664971531	230681003579	230667940957
230675647675	230703023206	230691300937
230690879001	230717932741	230703287079
230716121647	230755995337	230728464594
230728092619	230770547397	230756147963
230767338265	230802958042	230780936737
230780808711	230817019487	230803079536
230814680847	230831409242	230817176616
230829838324	230852869696	230838630734
230840847086	230867230356	230852975049
230863253997	230882492380	230867332198
230877638907	230896802137	230883015507
230893266054	230913862138	230900741119
230905409295	230930788491	230916451079
230925300695	230953848111	230940803139
230940477682	230989848666	230963271291
230963174158	231020320267	230999364491
230999049129	231035737102	231020441079
231031546597	231064859196	231045181071
231044758690	231081651613	231067809364
231076199137	231100877294	231086950615
231092337959	231115518863	231101130694
231113672744	231132189528	231116725457
231126910774	231147519555	231133709886
231144843761	231166810497	231156645439
231156299069	231181518010	231166857074
231179252597	231204125936	231191305202
231191197566	231241080920	231214806565
231214715205	231262241440	231250571942
231258517300	231284188912	231272424033
231272150155	231317677756	231295681014
231295345109	231350256794	231327273156
231327130887	231380502752	231360449682
231360088455	231397372702	231384435063
231397618252	231413197293	231400159608
231413597418	231435230751	231423369273
231422952130	231449697984	231435281717
231447060117	231463883766	231449776862
231462194077	231485884979	231472932963
231472537623	231519567037	231495619966
231495411148	231533744193	231519887944
231531841433	231548148514	231533888446
231545874693	231567932900	231555129006
231557327526	231583194018	231568044924
231578508605	231597933847	231583489927
231595523256	231615207681	231601742873
231608214007	231630468800	231617695173
231626457440	231646854406	231633250964
231641603699	231667588441	231656540505
231656169854	231707024132	231676928766
231676451909	231721464462	231707146818
231718337704	231756022560	231730570887
231730413250	231771120404	231756178516
231766878558	231801401291	231780317496
231779967175	231817032157	231801498922
231815289461	231832669318	231817127428
231830563563	231848190135	231835679524
231843384462	231865143094	231850987272
231858532761	231880997201	231866813926
231878031297	231903351760	231891308138
231891510874	231918162247	231903517492
231919796433	231956773573	231929231334


16666666
231422952130	231449697984	231435281717
231447060117	231463883766	231449776862
231462194077	231485884979	231472932963
231472537623	231519567037	231495619966
231495411148	231533744193	231519887944
231531841433	231548148514	231533888446
231545874693	231567932900	231555129006
231557327526	231583194018	231568044924
231578508605	231597933847	231583489927
231595523256	231615207681	231601742873
231608214007	231630468800	231617695173
231626457440	231646854406	231633250964
231641603699	231667588441	231656540505
231656169854	231707024132	231676928766
231676451909	231721464462	231707146818
231718337704	231756022560	231730570887
231730413250	231771120404	231756178516
231766878558	231801401291	231780317496
231779967175	231817032157	231801498922
231815289461	231832669318	231817127428
231830563563	231848190135	231835679524
231843384462	231865143094	231850987272
231858532761	231880997201	231866813926
231878031297	231903351760	231891308138
231891510874	231918162247	231903517492
231919796433	231956773573	231929231334
231928565334	231971265794	231957099164
231969201803	231996595098	231983098439
231993964561	232021224451	232007406708
232014865882	232045707877	232033777551
232045886321	232063764326	232049986489
232057593610	232078566038	232066370083
232075248335	232098334665	232083577894
232092886871	232135727137	232122499195
232122209472	232153569880	232135896925
232163710458	232188817099	232175235681
232188857839	232221424529	232199563829
232199259606	232237119216	232221734401
232231750145	232253062436	232237279945
232250906379	232281735708	232262691357
232262185949	232297031018	232284522837
232303272474	232344108378	232312416577
232312140091	232359438706	232344247222
232357617177	232380987374	232368616072
232368235129	232403889862	232390460931
232389722001	232437194791	232414454714
232414287721	232452296955	232437356225
232448160494	232482349760	232461824978
232461289255	232499806811	232486730344
232492757952	232514493104	232499931796
232512304340	232531414413	232517738145
232526918490	232547821844	232533097977
232543758071	232569291152	232558715866
232558335798	232579578956	232569361814
232587910274	232623113477	232597689050
232596037499	232637190037	232623248035
232636509770	232670014572	232646023830
232645889655	232685049612	232670173592
232683383157	232717282842	232695300560
232694938887	232732834365	232717432628
232729737904	232752212075	232737774411
232742774510	232765804376	232752370836
232763189935	232782040635	232768798866
232776740321	232798082452	232784120670


16666666
232250906379	232281735708	232262691357
232262185949	232297031018	232284522837
232303272474	232344108378	232312416577
232312140091	232359438706	232344247222
232357617177	232380987374	232368616072
232368235129	232403889862	232390460931
232389722001	232437194791	232414454714
232414287721	232452296955	232437356225
232448160494	232482349760	232461824978
232461289255	232499806811	232486730344
232492757952	232514493104	232499931796
232512304340	232531414413	232517738145
232526918490	232547821844	232533097977
232543758071	232569291152	232558715866
232558335798	232579578956	232569361814
232587910274	232623113477	232597689050
232596037499	232637190037	232623248035
232636509770	232670014572	232646023830
232645889655	232685049612	232670173592
232683383157	232717282842	232695300560
232694938887	232732834365	232717432628
232729737904	232752212075	232737774411
232742774510	232765804376	232752370836
232763189935	232782040635	232768798866
232776740321	232798082452	232784120670
232796161022	232815015391	232800615239
232810957724	232830597964	232816742465
232827794627	232853169561	232841991209
232841598290	232868110359	232853291739
232865478508	232883181991	232868251881
232881720545	232899109875	232883276010
232895897615	232922416968	232909251846
232908854160	232938051973	232922572016
232935872034	232967539994	232948815756
232948363383	232983522217	232967672886
232981116602	233000226385	232983638672
232995137008	233017566194	233000625437
233014884079	233045696129	233026931051
233026600758	233069184812	233055973885
233055549461	233109001947	233079202864
233078783972	233123752367	233109158450
233120571438	233144274994	233133425047
233133055929	233165353009	233154482155
233154025401	233187107269	233173790721
233173370241	233202201300	233187264273
233199788531	233233578936	233211817780
233211434760	233247754263	233233731436
233247719700	233264515140	233251347129
233264357958	233279522350	233266284555
233277351504	233301284080	233290135987
233290054243	233342981570	233312030494
233311743433	233358933150	233343096583
233353400156	233382197810	233369014779
233368662044	233404074964	233390385034
233391589657	233419075824	233404192561
233417069569	233449929354	233428870607
233428406725	233465370699	233449983210
233463368156	233482500280	233467934893
233477493726	233499300977	233483681451
233493875849	233521982694	233509229227
233508888171	233538755127	233522116653
233536572923	233575233854	233548972686
233548517731	233591180930	233575353252
233589117935	233613221993	233600895740

