16666666
483530445300	483548520600	483534347200
483546700700	483562315500	483550520700
483572749300	483596994400	483584066000
483596994400	483615881300	483600701400
483612023000	483629132400	483616385000
483634172400	483660163400	483649768800
483650899900	483679821700	483666599900
483674780400	483694939500	483683358700
483694688100	483713842700	483700657700
483709560300	483728387800	483717574900
483728942700	483747083700	483734269900
483752442200	483778825100	483764189800
483763875400	483797135400	483783310400
483795344500	483815707800	483801058800
483810567500	483829413800	483818047300
483843678200	483862440900	483850840600
483873859400	483896026000	483883559400
483898092000	483915910300	483900769300
483913632000	483932036900	483917825600
483929364900	483948143400	483933214700
483948269800	483963099000	483949793200
483967718900	483994428000	483980757600
483980560500	484013889200	484000811800
484005856900	484030825500	484016495400
484026382700	484046142600	484033879600
484052591900	484077266100	484063485300
484063273300	484094614500	484083088000
484100370400	484127882500	484110469000
484110269700	484146383700	484132913100
484142696400	484162742800	484150166300
484163631900	484180704700	484167720400
484179394700	484197165900	484183723100
484195370500	484214564200	484200851300
484217517300	484244337800	484228288100
484227971500	484263168800	484250678500
484258404800	484281113600	484266708600
484276067600	484297308000	484283818200
484295521200	484313972200	484300734200
484313823100	484330794500	484316784900
484327952300	484348848100	484334682100
484348803800	484362293000	484350599100
484362313000	484382203500	484367390900
484382387100	484398149100	484383967300


16666666
484437909500	484463868300	484450915400
484464003700	484478105300	484467088000
484488037700	484511014300	484499599000
484523133600	484548089600	484534756500
484550796100	484578053700	484562497200
484562201000	484595774900	484583470200
484591419300	484613273900	484600874000
484610051700	484631023200	484617957000
484631419800	484645587400	484633013700
484647401300	484664814800	484650432700
484662822000	484680359300	484666575400
484681080500	484694257700	484683077300
484695313100	484714807200	484700612800
484714768500	484730775700	484717411500
484730944500	484748293600	484734493500
484748362300	484764289100	484750941200
484764467800	484784658600	484767733900
484779285500	484799575700	484784892200
484797700700	484815227600	484799702800
484816402500	484845619100	484829250000
484828956200	484862011500	484849905300
484859189600	484881236700	484867432300
484881104400	484897870400	484884180200
484897738800	484914047300	484900327800
484911672000	484930473200	484916708400
484928902900	484947893000	484933906900
484946430400	484960775600	484949882600
484962222100	484980816100	484966239800
484979564400	484998809600	484984379300
484997176100	485014551600	485000889300
485011917000	485031571900	485017542400
485029266900	485047887900	485034013300
485046410600	485065872300	485051804600
485063817100	485082112900	485067819200
485082303600	485098510200	485084085000
485096138400	485112795400	485099879500
485112974400	485129347500	485116419500
485130019400	485146861100	485132959600
485146311800	485164996900	485149691200
485163500800	485181023300	485167250900
485182922900	485212500100	485193224900
485193005700	485230156000	485216749900
485227734100	485246905300	485233618500
485243294500	485264054000	485251044200
485259799700	485281518500	485267542800
485279373500	485297867600	485284144600
485296036500	485314461500	485300533700
485313242100	485331239900	485317603200
485329968900	485347959000	485334014500
485345392800	485362596800	485350888100
485363266600	485377302000	485366266200
485388659400	485411626500	485399918500
485412167200	485430013100	485418003900
485425475800	485446844800	485433325800
485443288300	485463721500	485450735600
485464045900	485482763100	485467613500
485480768300	485499384300	485484719500
485498506900	485515179400	485500947000
485513049700	485530790600	485516882100
485529352000	485548169700	485533523600
485544785900	485564523600	485550521100
485565935600	485595774800	485578751500
485578465700	485617053300	485600570300


16666666
485193005700	485230156000	485216749900
485227734100	485246905300	485233618500
485243294500	485264054000	485251044200
485259799700	485281518500	485267542800
485279373500	485297867600	485284144600
485296036500	485314461500	485300533700
485313242100	485331239900	485317603200
485329968900	485347959000	485334014500
485345392800	485362596800	485350888100
485363266600	485377302000	485366266200
485388659400	485411626500	485399918500
485412167200	485430013100	485418003900
485425475800	485446844800	485433325800
485443288300	485463721500	485450735600
485464045900	485482763100	485467613500
485480768300	485499384300	485484719500
485498506900	485515179400	485500947000
485513049700	485530790600	485516882100
485529352000	485548169700	485533523600
485544785900	485564523600	485550521100
485565935600	485595774800	485578751500
485578465700	485617053300	485600570300
485609927500	485631858500	485617250400
485636840800	485661695500	485647266400
485647017500	485680395600	485666750700
485677682800	485699292300	485683938700
485696017400	485716405500	485701063800
485714944900	485730816100	485716579400
485729500200	485749781700	485733412600
485750096400	485779224400	485761735800
485761509300	485796393200	485783480800
485794027500	485813914200	485800741600
485814513600	485830182300	485816684100
485830279400	485848438800	485833741800
485846859000	485865462900	485850839100
485865578700	485879894500	485868048900
485880681900	485896766500	485882953800
485897379300	485913179900	485899589500
485916038400	485945886800	485928049700
485927844100	485964437200	485950687000
485962887300	485982308400	485967344500
485981035500	485998041800	485983560100
485996114500	486016166100	486001035200
486016683900	486045339800	486026759200
486026553900	486063365200	486050465500
486059870500	486081059600	486067683300
486078504700	486097386500	486083807800
486098227900	486115014800	486100612900
486113612000	486131872300	486117655300
486130833500	486147881000	486133165700
486147997500	486162221000	486149584300
486162909800	486181208700	486167114000
486181168600	486196945600	486184055000
486197123500	486216734200	486200580900
486216829300	486245758900	486227221100
486227008600	486264377900	486250799400
486271996700	486297911500	486283902200
486298072400	486315274900	486300948300
486313848900	486328539100	486316972600
486339439600	486361830400	486350426500
486372541500	486393898100	486383631500
486393918200	486413957200	486400629900
486406533700	486430897500	486416446000
486427773900	486444935200	486432977300


16666666
486016683900	486045339800	486026759200
486026553900	486063365200	486050465500
486059870500	486081059600	486067683300
486078504700	486097386500	486083807800
486098227900	486115014800	486100612900
486113612000	486131872300	486117655300
486130833500	486147881000	486133165700
486147997500	486162221000	486149584300
486162909800	486181208700	486167114000
486181168600	486196945600	486184055000
486197123500	486216734200	486200580900
486216829300	486245758900	486227221100
486227008600	486264377900	486250799400
486271996700	486297911500	486283902200
486298072400	486315274900	486300948300
486313848900	486328539100	486316972600
486339439600	486361830400	486350426500
486372541500	486393898100	486383631500
486393918200	486413957200	486400629900
486406533700	486430897500	486416446000
486427773900	486444935200	486432977300
486456543800	486481672100	486467974300
486481984100	486497469200	486484002900
486498525200	486512075200	486500810300
486514501100	486532156400	486517178600
486530480300	486548498700	486533637500
486546700800	486566525100	486550578400
486564032800	486595375300	486577294800
486577092400	486613619500	486600655800
486609030000	486629386700	486617265400
486626591400	486644464800	486633007900
486646607500	486662434100	486649995600
486663141500	486677668800	486666549600
486688579700	486714321600	486700649900
486715680900	486731226600	486717685800
486732449800	486744688000	486733707200
486748913700	486764461400	486750864600
486764051500	486783544200	486767450300
486779147500	486796739300	486783810300
486798126400	486814058600	486800679900
486815406000	486831794700	486817377300
486830831800	486847701900	486834085300
486847261800	486865945700	486850695300
486864130000	486881510800	486867027700
486880721400	486897943900	486883606000
486897678700	486914089500	486900777900
486914480100	486927481500	486916245400
486938556700	486964187600	486950805500
486964890900	486983009100	486967887500
486981296900	487011898600	486993057800
486992751700	487030045600	487017347000
487026999600	487046662900	487033240800
487046902400	487064921600	487050907100
487062239900	487081457600	487067692200
487081852600	487098658300	487084027600
487096146300	487115432400	487100898300
487113660300	487131392900	487116963300
487129535600	487148480600	487134809100
487147979600	487161649400	487150693900
487173155900	487198009700	487183815600
487195822200	487215106900	487200852400
487213793000	487231256000	487217327900
487229409200	487246921800	487233497100


16666666
486815406000	486831794700	486817377300
486830831800	486847701900	486834085300
486847261800	486865945700	486850695300
486864130000	486881510800	486867027700
486880721400	486897943900	486883606000
486897678700	486914089500	486900777900
486914480100	486927481500	486916245400
486938556700	486964187600	486950805500
486964890900	486983009100	486967887500
486981296900	487011898600	486993057800
486992751700	487030045600	487017347000
487026999600	487046662900	487033240800
487046902400	487064921600	487050907100
487062239900	487081457600	487067692200
487081852600	487098658300	487084027600
487096146300	487115432400	487100898300
487113660300	487131392900	487116963300
487129535600	487148480600	487134809100
487147979600	487161649400	487150693900
487173155900	487198009700	487183815600
487195822200	487215106900	487200852400
487213793000	487231256000	487217327900
487229409200	487246921800	487233497100
487246522000	487265176500	487250884700
487273938400	487293976200	487283337800
487304936300	487328924600	487316808300
487316808300	487345562500	487333140100
487343799800	487361481200	487350810100
487372574500	487397282300	487383977600
487396900800	487415350600	487401958900
487413375400	487432031900	487417899900
487429969300	487447868900	487433687400
487445724200	487461607100	487450655600
487464555200	487478416300	487467460700
487489426600	487513419200	487500026400
487513032900	487529464900	487516367500
487529413900	487546964200	487533623700
487547137600	487561653600	487550627400
487572011400	487594400300	487583029300
487584075100	487612019300	487600776500
487616993600	487644368100	487629709000
487629507500	487664091400	487650709600
487657238100	487680066500	487666947600
487679723800	487697570700	487683516500
487697123500	487714041000	487700560000
487713887700	487727890000	487716595700
487729109500	487745971200	487734651100
487746712400	487762037400	487750938500
487773278100	487797196900	487783543100
487796586000	487815185900	487800708800
487813741300	487830204300	487817199700
487831163800	487849026800	487834911600
487847311500	487863419800	487850388600
487863126800	487880255400	487867015900
487880849500	487896862700	487883045700
487894452200	487914668200	487900537700
487912779700	487930395600	487916669600
487929918900	487946393900	487933366600
487948263200	487964884500	487951033700
487962841600	487978360700	487967160000
487989224000	488009697300	487999631700
488020864400	488045404500	488032131600
488032014500	488062215700	488050771600


16666666
487657238100	487680066500	487666947600
487679723800	487697570700	487683516500
487697123500	487714041000	487700560000
487713887700	487727890000	487716595700
487729109500	487745971200	487734651100
487746712400	487762037400	487750938500
487773278100	487797196900	487783543100
487796586000	487815185900	487800708800
487813741300	487830204300	487817199700
487831163800	487849026800	487834911600
487847311500	487863419800	487850388600
487863126800	487880255400	487867015900
487880849500	487896862700	487883045700
487894452200	487914668200	487900537700
487912779700	487930395600	487916669600
487929918900	487946393900	487933366600
487948263200	487964884500	487951033700
487962841600	487978360700	487967160000
487989224000	488009697300	487999631700
488020864400	488045404500	488032131600
488032014500	488062215700	488050771600
488060129400	488079775900	488066465500
488074915400	488097149600	488083560700
488096605200	488113957100	488100896500
488113913400	488132359300	488117913000
488130559300	488148058100	488133833200
488145803300	488164104300	488150494600
488164936800	488180554900	488167113600
488181620100	488198203400	488184577600
488196853200	488213284200	488200528500
488214702100	488231120500	488218123800
488231691500	488246620900	488233198100
488245049400	488263394900	488250571900
488263810900	488281331600	488267558800
488279984400	488295808600	488283074300
488296798200	488314837900	488300735100
488313421400	488332227300	488317772800
488330898700	488348340300	488334735900
488348258000	488364312900	488351058300
488361830500	488381160500	488366900500
488378916900	488397157200	488383857100
488396677000	488414717300	488400830500
488413390400	488430367500	488417326200
488430120400	488447559900	488434025900
488447395400	488464627500	488450672800
488463126700	488480008200	488467157500
488480646900	488493984700	488483210800
488504845700	488528825000	488515842400
488515621800	488547683600	488534216900
488543131200	488562735800	488549863800
488561923700	488582299100	488566371600
488577314100	488598270200	488584800200
488598089700	488613496500	488599724400
488613981200	488628102300	488616934700
488629671400	488645584200	488634855200
488655291200	488681808600	488667225100
488681463400	488700069400	488684915500
488698348200	488782344900	488767319500
488768517400	488799806200	488784177300
488799109600	488829993300	488813529000
488813328400	488848838100	488833535100
488851104000	488880944700	488864437500
488864128800	488899881600	488885008400


16666666
488413390400	488430367500	488417326200
488430120400	488447559900	488434025900
488447395400	488464627500	488450672800
488463126700	488480008200	488467157500
488480646900	488493984700	488483210800
488504845700	488528825000	488515842400
488515621800	488547683600	488534216900
488543131200	488562735800	488549863800
488561923700	488582299100	488566371600
488577314100	488598270200	488584800200
488598089700	488613496500	488599724400
488613981200	488628102300	488616934700
488629671400	488645584200	488634855200
488655291200	488681808600	488667225100
488681463400	488700069400	488684915500
488698348200	488782344900	488767319500
488768517400	488799806200	488784177300
488799109600	488829993300	488813529000
488813328400	488848838100	488833535100
488851104000	488880944700	488864437500
488864128800	488899881600	488885008400
488896949800	488915640000	488900752200
488918361100	488947635300	488934276300
488933750400	488965758500	488950791800
488963342300	488983493000	488968088900
488981623000	489012752900	488994944800
488994712600	489029330600	489016772600
489027712600	489047422900	489034636500
489043526100	489064069200	489050660000
489059409200	489081526500	489067689600
489081853600	489097995300	489083876000
489098551100	489115002800	489100444600
489112768500	489130135600	489116923000
489130505200	489147480600	489133930200
489147958200	489166977200	489151795700
489164542000	489194471300	489176685100
489176379800	489214074200	489200598100
489209270500	489231902100	489218187100
489228402200	489247695900	489234381500
489247893800	489261902500	489250896600
489264948100	489284056600	489267229500
489278259100	489309863200	489295374800
489295113000	489327761400	489316389500
489333363500	489362177000	489345286600
489345102000	489378977300	489367313400
489385449000	489411251600	489396756500
489396617000	489429403800	489416397300
489425884900	489447102600	489433561300
489447957600	489464252500	489449631600
489462580500	489480958900	489466883500
489480668600	489497479200	489483377000
489495672600	489514587500	489501029400
489514323800	489531004700	489516884300
489530643200	489548238500	489533448600
489545736700	489565040300	489550513500
489565767500	489594948600	489578948000
489578720700	489611888100	489600768900
489610409500	489631415900	489618045000
489623373200	489647678200	489633576500
489643943600	489664324200	489649567500
489661778900	489681252500	489667478600
489681507000	489695508400	489683358900
489706419300	489731685300	489717359200


16666666
489264948100	489284056600	489267229500
489278259100	489309863200	489295374800
489295113000	489327761400	489316389500
489333363500	489362177000	489345286600
489345102000	489378977300	489367313400
489385449000	489411251600	489396756500
489396617000	489429403800	489416397300
489425884900	489447102600	489433561300
489447957600	489464252500	489449631600
489462580500	489480958900	489466883500
489480668600	489497479200	489483377000
489495672600	489514587500	489501029400
489514323800	489531004700	489516884300
489530643200	489548238500	489533448600
489545736700	489565040300	489550513500
489565767500	489594948600	489578948000
489578720700	489611888100	489600768900
489610409500	489631415900	489618045000
489623373200	489647678200	489633576500
489643943600	489664324200	489649567500
489661778900	489681252500	489667478600
489681507000	489695508400	489683358900
489706419300	489731685300	489717359200
489731504500	489747178100	489733099400
489754179600	489777306000	489765946300
489765834900	489795641500	489784190400
489793542400	489814040100	489800915100
489809590700	489830071200	489818193400
489828447900	489846315100	489832948200
489842746200	489863806900	489850725900
489865016400	489879346500	489867056200
489879909600	489898066000	489883733700
489900250200	489927531800	489910901000
489910590900	489947941900	489933471000
489941161300	489968958900	489950572200
489966358800	489997481900	489979714800
489979464100	490014948900	490000702900
490011643900	490031571100	490016803200
490030087800	490044947900	490033248500
490055134300	490079253000	490065841400
490065665500	490097437800	490083224300
490094332900	490116718700	490099935200
490114856600	490147737400	490128710300
490128228900	490165742200	490151180900
490162209600	490178991700	490166377800
490179417600	490199453500	490183092900
490199109300	490229132100	490211099900
490210966200	490245665100	490233154800
490252320300	490278269700	490262810000
490262661600	490296525000	490283850500
490292595400	490315151200	490300613800
490310143300	490331830600	490317322900
490331563700	490348578400	490333575700
490345858300	490368767400	490350583100
490363078100	490395100300	490379175400
490378944100	490414160500	490400511600
490409542700	490429815700	490416434900
490426416900	490447545400	490432967300
490445994200	490465788500	490451528600
490464022700	490482197900	490468228800
490482092200	490498219700	490484891200
490497919500	490514551100	490500948800
490514467300	490534368300	490517404600


16666666
490128228900	490165742200	490151180900
490162209600	490178991700	490166377800
490179417600	490199453500	490183092900
490199109300	490229132100	490211099900
490210966200	490245665100	490233154800
490252320300	490278269700	490262810000
490262661600	490296525000	490283850500
490292595400	490315151200	490300613800
490310143300	490331830600	490317322900
490331563700	490348578400	490333575700
490345858300	490368767400	490350583100
490363078100	490395100300	490379175400
490378944100	490414160500	490400511600
490409542700	490429815700	490416434900
490426416900	490447545400	490432967300
490445994200	490465788500	490451528600
490464022700	490482197900	490468228800
490482092200	490498219700	490484891200
490497919500	490514551100	490500948800
490514467300	490534368300	490517404600
490529528900	490562788700	490545091500
490544864800	490581040600	490566510800
490579979200	490599034900	490584006300
490596708600	490613296100	490599750700
490614269800	490631587300	490617890900
490631393100	490650754300	490634977000
490649041800	490678451700	490660936500
490660614700	490698374800	490684647800
490692538200	490715672100	490700710600
490713837500	490733260000	490717893500
490733574000	490763582900	490743674300
490743442300	490778893000	490768353900
490779362800	490798396500	490784549700
490797668100	490813345700	490800119600
490813877600	490831316400	490816491300
490827983900	490846289100	490833451800
490846358300	490866058900	490850677200
490864479800	490878854300	490866340300
490880386400	490898536300	490883265200
490898264200	490915422800	490900962200
490913539400	490934952900	490917432200
490929824600	490963323900	490946182700
490945960900	490981757600	490967236400
490977170500	490999613300	490984038700
490998147900	491014249900	490999735900
491012618300	491031508400	491018095200
491033640200	491061107800	491043495300
491043350300	491080075800	491066570000
491073991200	491098278300	491084244900
491096448800	491114484200	491099758300
491112449500	491132385600	491118121300
491129666800	491147860200	491133936400
491148930200	491164481200	491149897000
491164858500	491182762400	491168183100
491181801000	491199162600	491183706500
491197086000	491217512300	491200612300
491212394400	491244147700	491229126400
491228827700	491263428700	491250834200
491257806900	491281867700	491268283700
491279036200	491297665600	491283692100
491297253100	491319508000	491300759800
491312797600	491346271600	491330003000
491329796700	491363545300	491350986500


16666666
490864479800	490878854300	490866340300
490880386400	490898536300	490883265200
490898264200	490915422800	490900962200
490913539400	490934952900	490917432200
490929824600	490963323900	490946182700
490945960900	490981757600	490967236400
490977170500	490999613300	490984038700
490998147900	491014249900	490999735900
491012618300	491031508400	491018095200
491033640200	491061107800	491043495300
491043350300	491080075800	491066570000
491073991200	491098278300	491084244900
491096448800	491114484200	491099758300
491112449500	491132385600	491118121300
491129666800	491147860200	491133936400
491148930200	491164481200	491149897000
491164858500	491182762400	491168183100
491181801000	491199162600	491183706500
491197086000	491217512300	491200612300
491212394400	491244147700	491229126400
491228827700	491263428700	491250834200
491257806900	491281867700	491268283700
491279036200	491297665600	491283692100
491297253100	491319508000	491300759800
491312797600	491346271600	491330003000
491329796700	491363545300	491350986500
491362726500	491377147900	491366531100
491389014600	491414872600	491400649000
491413249000	491428463200	491417152100
491438415900	491462131200	491448858400
491448718300	491478152200	491466703000
491475798200	491500036700	491482904400
491494451400	491514715500	491500370800
491513108500	491530491100	491516520800
491530302300	491549186000	491534449400
491546336700	491560824900	491550585400
491570735800	491595091500	491580695300
491580556700	491610581200	491599704700
491609839000	491630118000	491616377500
491628825900	491646766500	491632930400
491645135400	491664280400	491650606100
491666207300	491696281700	491676923300
491676680800	491714297300	491700900300
491709389300	491729885800	491716367900
491730027300	491745911400	491734279000
491746837400	491761369700	491750861400
491774557700	491793315900	491783052400
491804629500	491828006500	491817019600
491817880800	491845654600	491833270900
491853887300	491878932600	491865287300
491864831400	491894693900	491883808300
491904037400	491931263200	491917039000
491930936500	491947750000	491933708300
491945471800	491965037700	491950760900
491963323100	491976635100	491966765900
491986310700	492010946400	491997620700
491997483400	492027873400	492016795500
492026300500	492049303100	492035110900
492037711100	492065228400	492050480200
492063039400	492081749100	492067857900
492079235200	492095420200	492084392700
492102458400	492129869700	492112831100
492112619900	492147382200	492133397400


16666666
491730027300	491745911400	491734279000
491746837400	491761369700	491750861400
491774557700	491793315900	491783052400
491804629500	491828006500	491817019600
491817880800	491845654600	491833270900
491853887300	491878932600	491865287300
491864831400	491894693900	491883808300
491904037400	491931263200	491917039000
491930936500	491947750000	491933708300
491945471800	491965037700	491950760900
491963323100	491976635100	491966765900
491986310700	492010946400	491997620700
491997483400	492027873400	492016795500
492026300500	492049303100	492035110900
492037711100	492065228400	492050480200
492063039400	492081749100	492067857900
492079235200	492095420200	492084392700
492102458400	492129869700	492112831100
492112619900	492147382200	492133397400
492144105900	492164136700	492151068600
492166736400	492194454100	492177916100
492177696300	492214238200	492200646500
492206165900	492229411800	492217494800
492230533300	492250580000	492233403300
492248968300	492278687700	492260401900
492260029500	492295792900	492284500200
492294314300	492313106600	492300639200
492308511400	492330561500	492316753300
492325523300	492347351000	492333905300
492342651200	492364011800	492350868700
492365119400	492381864200	492367790200
492381381800	492396777000	492383968300
492408528300	492429906400	492417075300
492430231900	492448430000	492434207000
492446774700	492462247000	492450854400
492462783500	492480062900	492466660200
492480869900	492499169600	492484161100
492496600300	492514555000	492500652700
492514328200	492531728100	492517743000
492531287600	492548596700	492533808900
492547966500	492561802200	492550814400
492562605100	492578967200	492566978800
492579596500	492598003700	492583220400
492597725500	492617523400	492599830400
492615728800	492646951200	492629148500
492628936500	492665178300	492650973900
492660678500	492681629900	492666972800
492680716900	492697687900	492683277000
492694790300	492715247800	492701004700
492712583300	492730129200	492716988500
492730546000	492744903300	492733134700
492756721100	492782579600	492768205800
492781411000	492798883100	492784729600
492798678800	492814981100	492800774200
492813778500	492831270600	492816862400
492830749900	492847715800	492833862900
492845454000	492865280600	492851888600
492864988700	492880746100	492866891500
492881387600	492898801300	492884889100
492896593900	492913389300	492900411600
492914641400	492932144900	492917166100
492929688100	492951089200	492934209900
492945885600	492978538400	492961645400


16666666
492579596500	492598003700	492583220400
492597725500	492617523400	492599830400
492615728800	492646951200	492629148500
492628936500	492665178300	492650973900
492660678500	492681629900	492666972800
492680716900	492697687900	492683277000
492694790300	492715247800	492701004700
492712583300	492730129200	492716988500
492730546000	492744903300	492733134700
492756721100	492782579600	492768205800
492781411000	492798883100	492784729600
492798678800	492814981100	492800774200
492813778500	492831270600	492816862400
492830749900	492847715800	492833862900
492845454000	492865280600	492851888600
492864988700	492880746100	492866891500
492881387600	492898801300	492884889100
492896593900	492913389300	492900411600
492914641400	492932144900	492917166100
492929688100	492951089200	492934209900
492945885600	492978538400	492961645400
492961407600	492996946100	492983955000
492993386500	493013032700	492999661700
493013527700	493032740400	493017010100
493030970500	493048616000	493035098700
493051138900	493078506200	493061730900
493061503500	493097437500	493084816200
493092680700	493114200600	493100842800
493110358600	493130854200	493116700700
493129261000	493146882600	493133599000
493147779500	493165137400	493150744200
493163235900	493179015200	493168248500
493184735400	493210149500	493196843900
493196510500	493228794500	493216386500
493220385200	493243963600	493233233400
493250296400	493278884300	493261917700
493261616000	493297035800	493283211500
493295050800	493311714900	493300889800
493316630600	493343789600	493328844100
493328713900	493364619900	493350980000
493359297800	493379712900	493367495000
493380529400	493397481400	493384050700
493394103300	493414522400	493401455100
493411161100	493431523500	493417377600
493427038700	493447825800	493434312400
493449158100	493477809400	493461014500
493460793100	493497491900	493484975400
493491971600	493513483600	493500049400
493510988800	493530873600	493516984400
493528897100	493547991600	493534906700
493547874000	493563859700	493550558100
493563805500	493581267500	493567080400
493578992600	493597847200	493582930900
493596328600	493615002100	493600658700
493613309900	493631899700	493617547100
493629381200	493649062000	493633721700
493650195400	493678152200	493661027000
493660813200	493696589200	493683246700
493691901900	493715841100	493701027900
493709411700	493730295200	493718189200
493729807600	493747880000	493733929000
493746527100	493765210600	493750899900
493763245800	493781637800	493766971500
493781061900	493792829400	493783026400

