16666666


16666666
411928914100	411967168900	411932929700
411955975500	411980558300	411967242500
411969364600	411995542100	411983776600
412007797100	412030229100	412017205800
412018819400	412047044500	412034200300
412045207200	412064196900	412050711700
412059502900	412081089800	412067496100
412076705700	412097072100	412083956000
412092901900	412114206900	412100739800
412109969800	412130665200	412117177700
412129938900	412145553500	412134251600
412146050900	412163043500	412150553100
412161127300	412180026500	412167414500
412178222700	412196864300	412184102300
412194893700	412212016700	412200760500
412220988100	412245078200	412232645500
412232388300	412262515800	412250353800
412257812900	412280635100	412266858400
412275748600	412297999700	412284070800
412293406400	412314094600	412300606200
412313712800	412330071900	412317308100
412326142300	412345929200	412333307200
412343997100	412362620600	412350291300
412358876300	412380119700	412367204600
412378328900	412395390100	412384197600
412399044800	412428044000	412410458600
412410292700	412445767800	412433596400
412441909700	412460265500	412450310400
412465860400	412494754700	412477552900
412477363400	412511300400	412500489300
412516906800	412545124200	412527465500
412527313100	412560347700	412550338600
412566761100	412595052000	412577173100
412577011400	412611192600	412600381300
412617301900	412644823200	412628480400
412628162400	412663788700	412650542900
412658718300	412679411500	412667255700
412679220200	412695459200	412684138000
412693902200	412713248900	412699593300
412708376600	412730246900	412717450400
412728001400	412747365200	412733750600
412742522000	412763450000	412750817800
412760068800	412779670700	412767155400
412776394600	412796650100	412783970800
412794828100	412813823700	412800802300
412809249300	412828646900	412817353600
412827042600	412844407400	412833598100
412850509000	412878285900	412861914900
412861770400	412895553300	412883809600
412892174400	412913372800	412900454900
412907877500	412929252300	412916871500
412927396000	412945148500	412933589500
412942378400	412963228600	412950447700
412958260700	412980455900	412967338800
412976736700	412996849400	412983801000
412995407200	413013721200	413000791400
413013144800	413028695600	413017180300
413036081400	413061527900	413047415900
413047216100	413080448700	413066828700
413075310200	413097959800	413083960400
413093197900	413113871000	413100687700
413110703400	413129164100	413116928500
413136998300	413161134400	413148243400


16666666
412776394600	412796650100	412783970800
412794828100	412813823700	412800802300
412809249300	412828646900	412817353600
412827042600	412844407400	412833598100
412850509000	412878285900	412861914900
412861770400	412895553300	412883809600
412892174400	412913372800	412900454900
412907877500	412929252300	412916871500
412927396000	412945148500	412933589500
412942378400	412963228600	412950447700
412958260700	412980455900	412967338800
412976736700	412996849400	412983801000
412995407200	413013721200	413000791400
413013144800	413028695600	413017180300
413036081400	413061527900	413047415900
413047216100	413080448700	413066828700
413075310200	413097959800	413083960400
413093197900	413113871000	413100687700
413110703400	413129164100	413116928500
413136998300	413161134400	413148243400
413147690700	413179881300	413167151800
413176005000	413196152000	413183844200
413195979000	413213254500	413200460300
413209884000	413229934300	413216796700
413229200100	413247329700	413234014100
413242204500	413263729100	413250593100
413262203400	413280536100	413267106300
413276394900	413295936200	413284086200
413295800200	413315271900	413301878900
413311329300	413329405100	413316905500
413337299300	413361612000	413347790800
413347661700	413378854200	413367128900
413385133200	413409770500	413395917300
413395777300	413429101500	413416713100
413433979300	413460732200	413445372300
413445085200	413478960800	413467251700
413484231600	413512155200	413495027100
413494843700	413528602800	413517092000
413534379900	413561890200	413546805900
413546620200	413580881000	413567739100
413575859000	413598145600	413584438400
413593367000	413612304500	413600596100
413613484600	413630305400	413616881300
413627391200	413646708400	413633698000
413644092000	413664314300	413650706200
413659609800	413680430800	413667495900
413679331400	413697731100	413684069800
413694103700	413713208500	413700684400
413712089000	413730569800	413717495300
413725558100	413746454700	413734162900
413745706400	413763778900	413750726700
413761835100	413779753200	413767193400
413778881300	413797720900	413783851000
413792804800	413813606000	413800858100
413814280100	413831145000	413818036900
413827728100	413848941600	413834880300
413844373100	413863747200	413850123600
413860384000	413880852900	413866937400
413875823200	413896076400	413882898000
413894344600	413913323800	413900142700
413910499000	413927547700	413917315000
413935151700	413961543400	413946708900
413946547700	413977153100	413966856500


16666666
413613484600	413630305400	413616881300
413627391200	413646708400	413633698000
413644092000	413664314300	413650706200
413659609800	413680430800	413667495900
413679331400	413697731100	413684069800
413694103700	413713208500	413700684400
413712089000	413730569800	413717495300
413725558100	413746454700	413734162900
413745706400	413763778900	413750726700
413761835100	413779753200	413767193400
413778881300	413797720900	413783851000
413792804800	413813606000	413800858100
413814280100	413831145000	413818036900
413827728100	413848941600	413834880300
413844373100	413863747200	413850123600
413860384000	413880852900	413866937400
413875823200	413896076400	413882898000
413894344600	413913323800	413900142700
413910499000	413927547700	413917315000
413935151700	413961543400	413946708900
413946547700	413977153100	413966856500
413979118900	413995203500	413984013800
414002554600	414029267900	414013728400
414013604200	414045750400	414033751000
414045062300	414063602000	414050407400
414058853800	414080905600	414067046900
414075936300	414095182200	414083689200
414096777500	414114823000	414100967100
414109955400	414129835300	414117897700
414130184200	414147588700	414133869400
414143870100	414165800300	414150593200
414164693900	414181434300	414166759500
414177612900	414199017100	414184683400
414194360700	414214536300	414200304400
414214730700	414228767100	414217053300
414236540500	414264015500	414247179300
414246969600	414280334800	414267789500
414280668900	414297271900	414283465000
414298353700	414313035500	414300640700
414320748000	414343936700	414331280500
414331065000	414364011400	414350281300
414357459100	414382473500	414367005400
414377208600	414401482500	414384092900
414395042700	414428387400	414412084600
414411780800	414445782300	414433808200
414451666300	414478280800	414461964200
414461825800	414497127600	414484532000
414490657900	414512112800	414500464100
414510133400	414529671100	414516950900
414523421800	414546504500	414533752800
414543181600	414563814100	414550571600
414560661700	414581632500	414567334500
414576612700	414598901600	414583722000
414593879200	414614314400	414600288000
414611494200	414629732800	414617198000
414629318800	414647334300	414634206700
414641967300	414661013600	414650748700
414668353000	414695191200	414679801300
414679647500	414712688700	414700503700
414719248700	414743936800	414730770900
414730659800	414761188300	414750102100
414758999300	414780000200	414767105300
414774049700	414797931200	414784262900


16666666
414461825800	414497127600	414484532000
414490657900	414512112800	414500464100
414510133400	414529671100	414516950900
414523421800	414546504500	414533752800
414543181600	414563814100	414550571600
414560661700	414581632500	414567334500
414576612700	414598901600	414583722000
414593879200	414614314400	414600288000
414611494200	414629732800	414617198000
414629318800	414647334300	414634206700
414641967300	414661013600	414650748700
414668353000	414695191200	414679801300
414679647500	414712688700	414700503700
414719248700	414743936800	414730770900
414730659800	414761188300	414750102100
414758999300	414780000200	414767105300
414774049700	414797931200	414784262900
414792921400	414811984400	414801618000
414816002600	414844918500	414827212000
414827003400	414864333200	414850564400
414859116300	414880967900	414867326000
414876891200	414896167300	414884217100
414902847000	414930926900	414913362000
414913218600	414945749000	414933857500
414946880900	414964487000	414950249800
414959429500	414981108800	414966837200
414976070000	414997513200	414983082100
414994792000	415013874100	415000538900
415010885500	415030640600	415017062800
415026025100	415045889400	415034840900
415042953900	415063095800	415049742800
415058133600	415080770500	415067226800
415078115000	415097055700	415084580500
415094392000	415114856000	415100731000
415110628900	415130650600	415116979200
415128690800	415145237800	415133843000
415145823200	415163997800	415150656900
415159433000	415179012100	415166432200
415186542600	415211249200	415198372700
415198173200	415229095200	415216796100
415224526500	415246514200	415233832700
415241077800	415263738600	415250812200
415259264600	415278736300	415267188300
415277726800	415296620200	415283810700
415291736500	415313236700	415300698300
415310080100	415328733900	415317007300
415326565900	415346441800	415334137000
415341615700	415362727500	415350621300
415359193500	415379760800	415367291300
415375067200	415396329200	415383771900
415392787900	415413751500	415400870300
415410424400	415429402100	415417184600
415428752300	415447230700	415433965800
415442757300	415463923500	415450712600
415461902100	415480867400	415467242600
415476462800	415497857600	415484763100
415493035600	415512350700	415500421700
415513359600	415530272500	415517154500
415527790000	415546574700	415533642600
415542310800	415563471800	415549987900
415560850600	415579193500	415567498300
415576869300	415597894800	415584755800
415592890500	415614980300	415600534400


16666666
415326565900	415346441800	415334137000
415341615700	415362727500	415350621300
415359193500	415379760800	415367291300
415375067200	415396329200	415383771900
415392787900	415413751500	415400870300
415410424400	415429402100	415417184600
415428752300	415447230700	415433965800
415442757300	415463923500	415450712600
415461902100	415480867400	415467242600
415476462800	415497857600	415484763100
415493035600	415512350700	415500421700
415513359600	415530272500	415517154500
415527790000	415546574700	415533642600
415542310800	415563471800	415549987900
415560850600	415579193500	415567498300
415576869300	415597894800	415584755800
415592890500	415614980300	415600534400
415614120600	415629811000	415616410800
415633494200	415661328400	415644616300
415644417600	415677883200	415666969700
415683095100	415710590900	415693721300
415693630200	415729786200	415717035200
415726360000	415745865500	415733347600
415743257600	415762156100	415751445200
415759586100	415780266800	415767328100
415773545500	415796458800	415783487000
415794596300	415812505300	415799870300
415809208300	415829147600	415816694600
415824814800	415847477900	415833258100
415842345000	415862916800	415851169700
415860696300	415879670500	415867242100
415875803600	415897084800	415883049800
415893267900	415914843100	415900201200
415909818200	415929288900	415916877200
415926927200	415946845800	415934409100
415942385300	415963475100	415950363200
415959034100	415978831800	415967143900
415976580000	415996028000	415983364900
415991652000	416012277300	416000308800
416011727700	416030329600	416016945900
416025498700	416046536600	416033755000
416044719900	416064430800	416050724500
416059447500	416078845800	416066710500
416076573600	416096034300	416083773200
416092993600	416113613900	416100648700
416109083000	416129851600	416117140800
416126492700	416147383500	416133777800
416142893200	416163320000	416150527800
416160474300	416180666600	416167096100
416175596300	416196595200	416184151700
416193940400	416213637900	416200341300
416209661900	416228687300	416216870900
416225478800	416246230100	416233681000
416242462600	416263704700	416250078000
416261693400	416281138300	416267824200
416276534700	416296559500	416283732400
416293340900	416312037800	416300743100
416318995200	416345083800	416330956100
416330865200	416363860700	416350254800
416358911700	416379368300	416366944700
416377173700	416395665500	416383088400
416392243900	416414233900	416400331100
416409906400	416430970400	416416865600


16666666
416092993600	416113613900	416100648700
416109083000	416129851600	416117140800
416126492700	416147383500	416133777800
416142893200	416163320000	416150527800
416160474300	416180666600	416167096100
416175596300	416196595200	416184151700
416193940400	416213637900	416200341300
416209661900	416228687300	416216870900
416225478800	416246230100	416233681000
416242462600	416263704700	416250078000
416261693400	416281138300	416267824200
416276534700	416296559500	416283732400
416293340900	416312037800	416300743100
416318995200	416345083800	416330956100
416330865200	416363860700	416350254800
416358911700	416379368300	416366944700
416377173700	416395665500	416383088400
416392243900	416414233900	416400331100
416409906400	416430970400	416416865600
416426392100	416445337200	416434033800
416450222200	416477987900	416462493100
416462259300	416494520200	416483423500
416499666000	416527932900	416511241700
416511095100	416544703500	416533514300
416550155800	416578885500	416562833200
416562670100	416594761700	416583115100
416600222600	416627985400	416611115100
416610907900	416645973600	416633486300
416641546200	416662732200	416650632700
416658065600	416679581500	416667544300
416675066100	416695725500	416683760500
416693611000	416712009600	416700119800
416709917000	416728694700	416717014700
416725186500	416745695900	416733465700
416741222300	416762412500	416750485600
416757967400	416777289300	416766781400
416784424800	416810995600	416794864000
416794723400	416827402400	416816823000
416833583600	416861947400	416845481600
416845259100	416877871300	416866842500
416876651700	416895718600	416883717500
416891390100	416912633600	416900567300
416906728400	416930073800	416917215600
416925572500	416946410900	416933467600
416943540800	416963204800	416950662000
416961379600	416979072300	416966750900
416977307400	416996003200	416983583600
416992147300	417013201500	417000272100
417008680700	417029452500	417016683400
417025294500	417046240100	417033638000
417041940200	417061858300	417049711100
417060070100	417079534700	417067132700
417074713700	417096467700	417083307700
417092118700	417112529800	417099868600
417110619000	417129018200	417116484000
417124742900	417146528200	417133638000
417143196700	417161718400	417150093100
417161886100	417178698800	417166570800
417175157100	417195321800	417183293500
417190335300	417212565500	417199722400
417208019700	417229776400	417216638100
417225344900	417245599300	417233575400
417242381000	417263534700	417250111700


16666666
416925572500	416946410900	416933467600
416943540800	416963204800	416950662000
416961379600	416979072300	416966750900
416977307400	416996003200	416983583600
416992147300	417013201500	417000272100
417008680700	417029452500	417016683400
417025294500	417046240100	417033638000
417041940200	417061858300	417049711100
417060070100	417079534700	417067132700
417074713700	417096467700	417083307700
417092118700	417112529800	417099868600
417110619000	417129018200	417116484000
417124742900	417146528200	417133638000
417143196700	417161718400	417150093100
417161886100	417178698800	417166570800
417175157100	417195321800	417183293500
417190335300	417212565500	417199722400
417208019700	417229776400	417216638100
417225344900	417245599300	417233575400
417242381000	417263534700	417250111700
417258495100	417278755700	417267062600
417287209000	417311024200	417298586500
417298392400	417328853700	417317031600
417324394900	417345742800	417333694400
417342125500	417362445800	417349804400
417357901100	417379264800	417366748700
417374698300	417395506400	417383766900
417390220700	417411561400	417399820500
417409058300	417429145800	417416964800
417421230700	417446494500	417433783500
417441457300	417462641000	417450287700
417460452800	417479356200	417467122800
417475829100	417496225600	417483661000
417492045800	417513450200	417500652500
417508222500	417529857700	417516639800
417525578900	417545391600	417533181100
417544848600	417559708600	417549858200
417565475500	417581100700	417566926300
417578629800	417597113000	417583284000
417594327400	417614381300	417599876100
417609345100	417630127900	417616524600
417628329400	417643944000	417634035300
417650489900	417678901600	417662139300
417662019600	417698068800	417683961400
417693137900	417714108300	417700070200
417712576200	417729453300	417717754800
417728998100	417746430900	417733966100
417743125900	417764117300	417750624300
417759586700	417781059500	417766699400
417777495200	417797470700	417784777200
417795721700	417812106100	417800490700
417811063200	417829583500	417817159000
417824949900	417845928700	417833681000
417843470200	417863726500	417850556100
417859577500	417880359700	417867297200
417879156800	417897235000	417883584000
417893528400	417912345300	417901248600
417918808800	417945352800	417929712200
417929606400	417961509200	417949791700
417968996200	417995611400	417980312300
417980114100	418013732500	418000355900
418009082900	418031509200	418017080700
418026279800	418046159500	418033119000


16666666
417728998100	417746430900	417733966100
417743125900	417764117300	417750624300
417759586700	417781059500	417766699400
417777495200	417797470700	417784777200
417795721700	417812106100	417800490700
417811063200	417829583500	417817159000
417824949900	417845928700	417833681000
417843470200	417863726500	417850556100
417859577500	417880359700	417867297200
417879156800	417897235000	417883584000
417893528400	417912345300	417901248600
417918808800	417945352800	417929712200
417929606400	417961509200	417949791700
417968996200	417995611400	417980312300
417980114100	418013732500	418000355900
418009082900	418031509200	418017080700
418026279800	418046159500	418033119000
418058796700	418079319800	418067125900
418079708800	418098135000	418083736200
418094303100	418114517200	418100074200
418111488400	418130400100	418117153700
418127335400	418146186000	418133981800
418153306800	418176782300	418164869500
418164675600	418196593900	418183182600
418190800900	418215298900	418201199600
418212917600	418231857600	418217529300
418229651700	418248864300	418233191000
418245166500	418265490700	418249535900
418260576300	418281024000	418267746700
418277710800	418299105900	418284056600
418294336800	418313450000	418300086100
418313243500	418327909200	418316461600
418328566400	418347263600	418333861200
418343230700	418363394800	418349928500
418359950500	418380913300	418366962700
418377898700	418398116300	418383818200
418393685700	418416057100	418400078600
418420575200	418445221500	418432721900
418432537500	418461160500	418450244800
418459341800	418479569200	418466577900
418474224700	418497096200	418483829200
418492469700	418512072600	418500175600
418513385200	418530781500	418517010100
418526235500	418548266500	418533941700
418543799000	418561819500	418550105600
418562128500	418580730200	418566795800
418575601900	418597508600	418583361200
418594023300	418612771200	418599767000
418609251600	418629073000	418616762000
418625221900	418643854200	418633153500
418641155300	418664609300	418650401100
418654097500	418678150600	418666243800
418677694900	418695670500	418683438700
418691321900	418711220900	418700187100
418709612500	418729019900	418716788000
418724669600	418743771500	418732976300
418750664100	418777896600	418761861100
418761732200	418795867700	418783578600
418791572900	418810985800	418800293800
418815970300	418844694100	418827109500
418826885500	418861352100	418850213800
418859370800	418880153800	418867242200
418875743000	418894262500	418883224400


16666666
418625221900	418643854200	418633153500
418641155300	418664609300	418650401100
418654097500	418678150600	418666243800
418677694900	418695670500	418683438700
418691321900	418711220900	418700187100
418709612500	418729019900	418716788000
418724669600	418743771500	418732976300
418750664100	418777896600	418761861100
418761732200	418795867700	418783578600
418791572900	418810985800	418800293800
418815970300	418844694100	418827109500
418826885500	418861352100	418850213800
418859370800	418880153800	418867242200
418875743000	418894262500	418883224400
418896206400	418913133200	418899908200
418908682900	418931579000	418916897700
418929914800	418945990100	418933427600
418946218300	418960964100	418950066100
418962312700	418980683800	418967417500
418976000800	418997428200	418984286700
418995950500	419014100600	419000363000
419009364000	419030009100	419016864900
419026697300	419048627800	419033617500
419047016800	419063508200	419050161700
419060081400	419079162500	419066845600
419075653200	419095340300	419083455000
419093259300	419112976000	419100283900
419108013300	419128292000	419117332700
419125721300	419146741500	419133195300
419141859900	419161764600	419150231700
419162261400	419180066000	419167726600
419177576100	419196466800	419183449100
419194977500	419213677000	419200313600
419209448700	419229620900	419217066700
419224986200	419246132400	419233730900
419243883100	419263368000	419250775400
419259144000	419279628700	419267062400
419277578400	419295455400	419283693300
419293973000	419312890800	419300162900
419307971700	419328709100	419316911800
419327188300	419346643900	419333545700
419341882800	419362412600	419350180200
419359522100	419378992300	419366856100
419374549100	419395801900	419383649600
419393433600	419412054900	419400246000
419409032200	419428622200	419417038500
419421731200	419445428000	419433433200
419440855800	419461424800	419450490300
419458701700	419481555500	419467911900
419470810300	419495695500	419483914900
419497027900	419512882300	419500157600
419511408900	419528226000	419517112800
419535213600	419561042900	419546075800
419545913500	419578906900	419566746300
419573958600	419595381300	419583578600
419593958500	419612953500	419600306700
419608430400	419629330100	419617154200
419627319200	419645472700	419633296000
419644979400	419662991500	419650395700
419659306900	419680523200	419667089700
419675414500	419697112900	419684126200
419695490400	419713802000	419700234300
419713059500	419731228000	419716898700
419731412400	419746807700	419733804600


16666666
419359522100	419378992300	419366856100
419374549100	419395801900	419383649600
419393433600	419412054900	419400246000
419409032200	419428622200	419417038500
419421731200	419445428000	419433433200
419440855800	419461424800	419450490300
419458701700	419481555500	419467911900
419470810300	419495695500	419483914900
419497027900	419512882300	419500157600
419511408900	419528226000	419517112800
419535213600	419561042900	419546075800
419545913500	419578906900	419566746300
419573958600	419595381300	419583578600
419593958500	419612953500	419600306700
419608430400	419629330100	419617154200
419627319200	419645472700	419633296000
419644979400	419662991500	419650395700
419659306900	419680523200	419667089700
419675414500	419697112900	419684126200
419695490400	419713802000	419700234300
419713059500	419731228000	419716898700
419731412400	419746807700	419733804600
419744796100	419761196300	419749915100
419762746200	419778274000	419766840000
419777098100	419795107400	419783573500
419791811600	419812182200	419800193300
419809687900	419827357900	419816816100
419833134100	419860607800	419843963100
419843831500	419880546100	419866485000
419869694000	419897274500	419883804800
419892771100	419911495600	419900438100
419918123500	419944940800	419929645100
419929336700	419965404100	419950129300
419966105000	419994292100	419977134800
419976831200	420012638300	420000217400
420006983200	420029588900	420016898600
420026710100	420046850300	420033793400
420043364200	420123629100	420111647500
420132677700	420163600000	420145578300
420145398600	420181856800	420167395900
420179267600	420196044600	420183414700
420205328700	420230812700	420217078300
420217744400	420249507100	420233873300
420248365600	420266069600	420249932100
420263481200	420280812400	420266429600
420277325000	420298119400	420284164400
420294199100	420316134400	420300206300
420312132900	420331658200	420316631800
420328044400	420349113500	420333377900
420346995500	420377909100	420361353000
420361091300	420397336300	420384603000
420392039100	420414432100	420401055900
420409620000	420429799400	420416439400
420428213700	420446181100	420433785700
420442552200	420463364500	420450065900
420458645200	420479724200	420467333000
420478388000	420495678500	420483938300
420493143500	420512547900	420500021600
420510189400	420529999000	420516679100
420525454200	420547147800	420533647600
420542386900	420562674800	420550421000
420560669500	420579839000	420566669800
420576064000	420596954900	420583140500
420592098100	420612778900	420600441000


16666666
420361091300	420397336300	420384603000
420392039100	420414432100	420401055900
420409620000	420429799400	420416439400
420428213700	420446181100	420433785700
420442552200	420463364500	420450065900
420458645200	420479724200	420467333000
420478388000	420495678500	420483938300
420493143500	420512547900	420500021600
420510189400	420529999000	420516679100
420525454200	420547147800	420533647600
420542386900	420562674800	420550421000
420560669500	420579839000	420566669800
420576064000	420596954900	420583140500
420592098100	420612778900	420600441000
420611797300	420629832100	420616879900
420629421100	420646648700	420633734500
420642113400	420663062100	420650204400
420658387400	420680339700	420666715300
420675466800	420694858800	420683537500
420692703600	420712231500	420699692800
420707587700	420729910700	420716694300
420725273000	420746299400	420733629900
420745602200	420762713900	420750701800
420758483100	420778824300	420766815300
420775324500	420795583800	420783454200
420790614800	420813261900	420800280200
420808611500	420829399100	420817150800
420825559100	420845690400	420833451500
420843358500	420861387800	420850189000
420857195100	420879069600	420866767600
420872551100	420895821300	420883614600
420891758700	420911668100	420900029100
420908365700	420928578800	420916518800
420926151000	420946705300	420934700000
420940949800	420962554400	420950602600
420962823800	420978919600	420967097200
420975733600	420995561600	420983438700
420990935500	421012631300	421000053400
421008672700	421029181700	421016707500
421025707900	421045535500	421033614200
421044082200	421061812100	421050107700
421057900600	421077975100	421067322800
421074671100	421093728600	421083318000
421092014900	421112187700	421099870700
421105302900	421129236900	421116809600
421125141500	421145768200	421134474900
421141660100	421162674500	421150207600
421158554000	421179495500	421167023100
421175391800	421195537800	421183499400
421193058400	421211854500	421199982600
421210255500	421229701100	421216747300
421224837100	421247323700	421233814300
421245122300	421263385700	421250372000
421260269800	421278808900	421266744400
421279020100	421296263400	421283541000
421292863200	421312633500	421300487100
421309399200	421330476000	421317052300
421325568700	421346545300	421333547700
421342046900	421363482600	421350423900
421360012900	421379438400	421367079700
421377817900	421398794900	421384943300
421392903800	421413332700	421399919800
421411238200	421428847100	421416951200

