16666666
157557948500	157586642500	157574739400
157591976500	157619992200	157608076500
157626494700	157651937500	157641546900
157661597700	157684981800	157674899700
157695824400	157718633300	157708783000
157730142400	157753684400	157742043700
157764299900	157787169600	157774899600
157799593700	157820918700	157808956600
157834021900	157851712500	157841506000
157868763400	157887214200	157875453600
157903219300	157920569000	157909122700
157938707300	157954226600	157942004700
157972850000	157987107100	157974615700
158007026300	158021237400	158007884100
158042173200	158070165500	158058721400
158077556500	158101853700	158091286300
158112882300	158135109200	158125038700
158147489500	158170570300	158158690600
158182829200	158204404600	158191888200
158219512600	158235532000	158225187000
158256462600	158272362600	158258591500
158292290900	158321043800	158308623400
158327907400	158353980700	158342215700
158364009000	158388651000	158375635500
158400984900	158421286800	158408949200
158437685900	158456121500	158442660400
158476356800	158503994900	158492255600
158511343000	158537950100	158524860000
158550202600	158569028800	158558884500
158587591600	158603662900	158592732600
158624996900	158651516800	158641496500


16666666
158661456900	158687370600	158675235700
158699504500	158719541200	158708658000
158737144900	158752090200	158741633900
158771312000	158785682200	158775213400
158805386400	158821057200	158809085400
158839440900	158853282600	158841588100
158873200400	158887161100	158874779500
158907873400	158934943500	158925132900
158942140600	158969537900	158958911400
158977069400	159003543200	158992158100
159011807100	159035121700	159025395400
159045268000	159069695200	159058166800
159079260500	159103130200	159092016600
159113658800	159136254000	159124931900
159148684200	159169574200	159158244900
159184521100	159203508900	159191337600
159220616400	159236502300	159224931100
159254034500	159271253000	159258878200
159287989900	159304561200	159292517300
159323268100	159338176000	159324515400
159357573800	159386587500	159375153400
159392616500	159420563600	159408825300
159426981000	159454603400	159443098000
159461331400	159486119800	159475454300
159494652000	159519781800	159508469400
159528129000	159553060900	159541562700
159562280600	159586618300	159574926700
159596592400	159618314800	159608001700
159633220300	159654023700	159641549700
159669986000	159686709300	159674947000
159705418800	159720534400	159708763200
159739254100	159753694700	159741247300
159775404800	159801786100	159791874000
159812560100	159836323100	159825176000
159846650500	159869622800	159858144800
159880649700	159902731900	159891446500
159915212600	159936980400	159925243900
159950544300	159971008200	159958771000
159986215500	160003204400	159991643800
160021166500	160036831800	160024770500
160054494400	160069037300	160058249600
160088456200	160102993800	160092321700
160122582700	160136965800	160124828600
160156802000	160171257900	160158690200
160190638300	160219988600	160208756300
160225386700	160252367600	160241550400
160260521600	160286878100	160275426000
160293685200	160318407800	160308010600
160327968400	160353704500	160342091000
160363004000	160387071000	160375442400
160398253400	160420000600	160408644000
160431255000	160452784900	160441279700
160464537000	160486819700	160475319000
160498592200	160518874000	160508859200
160532476100	160551972100	160542187800
160567066100	160586106400	160574786500
160602467700	160618430200	160608399800
160637857900	160653622000	160641457500
160671955200	160686462400	160675752400
160706089700	160719000000	160708287000
160739860500	160753609500	160741699100
160774462300	160802734500	160791251400


16666666
159739254100	159753694700	159741247300
159775404800	159801786100	159791874000
159812560100	159836323100	159825176000
159846650500	159869622800	159858144800
159880649700	159902731900	159891446500
159915212600	159936980400	159925243900
159950544300	159971008200	159958771000
159986215500	160003204400	159991643800
160021166500	160036831800	160024770500
160054494400	160069037300	160058249600
160088456200	160102993800	160092321700
160122582700	160136965800	160124828600
160156802000	160171257900	160158690200
160190638300	160219988600	160208756300
160225386700	160252367600	160241550400
160260521600	160286878100	160275426000
160293685200	160318407800	160308010600
160327968400	160353704500	160342091000
160363004000	160387071000	160375442400
160398253400	160420000600	160408644000
160431255000	160452784900	160441279700
160464537000	160486819700	160475319000
160498592200	160518874000	160508859200
160532476100	160551972100	160542187800
160567066100	160586106400	160574786500
160602467700	160618430200	160608399800
160637857900	160653622000	160641457500
160671955200	160686462400	160675752400
160706089700	160719000000	160708287000
160739860500	160753609500	160741699100
160774462300	160802734500	160791251400
160808840700	160835150100	160825280400
160845332200	160870197600	160858793000
160881916900	160901579800	160891584200
160917362900	160934689900	160924702900
160951484100	160969709900	160958289300
160986261900	161002108500	160991848800
161020918400	161035780400	161025344500
161055596100	161070653100	161059145200
161089300600	161103580100	161091409100
161123523800	161134373100	161124530300
161157998500	161186193300	161174841800
161191782300	161219682100	161208690200
161226574200	161253838000	161241866700
161259136700	161285660000	161275507100
161294201800	161319265300	161309179000
161329023600	161352960800	161341704200
161362092700	161384419600	161374648100
161395419300	161419716500	161408633000
161429399500	161453598600	161441936900
161463148400	161486728500	161475095700
161497435900	161520321000	161508618200
161530824400	161552685600	161541326500
161564599200	161586216600	161574880600
161598591400	161619878600	161608148000
161634664700	161654043100	161642238100
161669359400	161686021600	161675303100
161703807000	161721114600	161708994600
161740489300	161769700500	161758300100
161775334100	161803299100	161792318100
161810057400	161836259700	161825390500
161844490800	161868746700	161858586100
161878728900	161904593200	161892362200
161914252600	161937701900	161925159300


16666666
160808840700	160835150100	160825280400
160845332200	160870197600	160858793000
160881916900	160901579800	160891584200
160917362900	160934689900	160924702900
160951484100	160969709900	160958289300
160986261900	161002108500	160991848800
161020918400	161035780400	161025344500
161055596100	161070653100	161059145200
161089300600	161103580100	161091409100
161123523800	161134373100	161124530300
161157998500	161186193300	161174841800
161191782300	161219682100	161208690200
161226574200	161253838000	161241866700
161259136700	161285660000	161275507100
161294201800	161319265300	161309179000
161329023600	161352960800	161341704200
161362092700	161384419600	161374648100
161395419300	161419716500	161408633000
161429399500	161453598600	161441936900
161463148400	161486728500	161475095700
161497435900	161520321000	161508618200
161530824400	161552685600	161541326500
161564599200	161586216600	161574880600
161598591400	161619878600	161608148000
161634664700	161654043100	161642238100
161669359400	161686021600	161675303100
161703807000	161721114600	161708994600
161740489300	161769700500	161758300100
161775334100	161803299100	161792318100
161810057400	161836259700	161825390500
161844490800	161868746700	161858586100
161878728900	161904593200	161892362200
161914252600	161937701900	161925159300
161949528900	161969480200	161958092100
161983267300	162003371500	161991656500
162018995500	162036296300	162024921100
162052745000	162069701800	162058238400
162087387200	162102699400	162092024500
162122225000	162138314200	162125654500
162156088100	162170532200	162158405300
162191960900	162219114200	162208099400
162226752400	162252568500	162241314500
162260829400	162287000400	162275473500
162294973600	162320600700	162308688300
162330047100	162353200800	162341795800
162364930600	162386256800	162374628900
162398741500	162420022100	162408383100
162433380800	162451472400	162441436200
162470304100	162486841900	162474666200
162504865800	162520716600	162508572000
162539059200	162554419600	162542379300
162572887200	162588710400	162575258400
162606496900	162620921000	162608782300
162641761700	162671552600	162658492500
162674311900	162702612800	162691090000
162708339900	162737120500	162725117400
162741824400	162769080800	162758209500
162776494700	162803908100	162791975600
162810767400	162836311200	162824633900
162845659200	162869645700	162858501400
162880453600	162903191800	162891865700
162914156300	162934475200	162924455100
162949864500	162967914800	162957882800
162985900100	163003576500	162991627700


16666666
161844490800	161868746700	161858586100
161878728900	161904593200	161892362200
161914252600	161937701900	161925159300
161949528900	161969480200	161958092100
161983267300	162003371500	161991656500
162018995500	162036296300	162024921100
162052745000	162069701800	162058238400
162087387200	162102699400	162092024500
162122225000	162138314200	162125654500
162156088100	162170532200	162158405300
162191960900	162219114200	162208099400
162226752400	162252568500	162241314500
162260829400	162287000400	162275473500
162294973600	162320600700	162308688300
162330047100	162353200800	162341795800
162364930600	162386256800	162374628900
162398741500	162420022100	162408383100
162433380800	162451472400	162441436200
162470304100	162486841900	162474666200
162504865800	162520716600	162508572000
162539059200	162554419600	162542379300
162572887200	162588710400	162575258400
162606496900	162620921000	162608782300
162641761700	162671552600	162658492500
162674311900	162702612800	162691090000
162708339900	162737120500	162725117400
162741824400	162769080800	162758209500
162776494700	162803908100	162791975600
162810767400	162836311200	162824633900
162845659200	162869645700	162858501400
162880453600	162903191800	162891865700
162914156300	162934475200	162924455100
162949864500	162967914800	162957882800
162985900100	163003576500	162991627700
163022654400	163037727500	163024735300
163055577600	163069164200	163058169400
163089390200	163104342700	163091770200
163124755500	163153027400	163141842900
163158817000	163184522300	163174633500
163192951000	163218297800	163208272800
163228802800	163252887200	163241610400
163263894200	163285085200	163274938300
163297899800	163320716200	163308793200
163331778800	163352309800	163341906500
163366519400	163386647100	163374524300
163400329200	163419832000	163408020200
163434729500	163453063300	163441982500
163468939900	163484845900	163474558300
163503820600	163520315400	163507911200
163538236200	163554360200	163542294700
163572804100	163586909000	163574954600
163607798400	163634747500	163624622500
163642881200	163670006000	163658197700
163677248000	163702968400	163691819600
163711774800	163736942600	163725054400
163746608200	163770650200	163758829600
163781972500	163803595000	163791520700
163816706100	163837158700	163824854200
163851530000	163869295600	163857969600
163885404500	163904151700	163891863300
163920916100	163935008900	163924486800
163954918200	163970610900	163958631100
163990986000	164022478700	164008602300
164025904100	164054571300	164042681300


16666666
162914156300	162934475200	162924455100
162949864500	162967914800	162957882800
162985900100	163003576500	162991627700
163022654400	163037727500	163024735300
163055577600	163069164200	163058169400
163089390200	163104342700	163091770200
163124755500	163153027400	163141842900
163158817000	163184522300	163174633500
163192951000	163218297800	163208272800
163228802800	163252887200	163241610400
163263894200	163285085200	163274938300
163297899800	163320716200	163308793200
163331778800	163352309800	163341906500
163366519400	163386647100	163374524300
163400329200	163419832000	163408020200
163434729500	163453063300	163441982500
163468939900	163484845900	163474558300
163503820600	163520315400	163507911200
163538236200	163554360200	163542294700
163572804100	163586909000	163574954600
163607798400	163634747500	163624622500
163642881200	163670006000	163658197700
163677248000	163702968400	163691819600
163711774800	163736942600	163725054400
163746608200	163770650200	163758829600
163781972500	163803595000	163791520700
163816706100	163837158700	163824854200
163851530000	163869295600	163857969600
163885404500	163904151700	163891863300
163920916100	163935008900	163924486800
163954918200	163970610900	163958631100
163990986000	164022478700	164008602300
164025904100	164054571300	164042681300
164061703000	164086519300	164074904000
164097863000	164120809600	164108864800
164134577300	164154070200	164142023900
164170069800	164187457400	164175408100
164204852300	164220476800	164208483300
164239484200	164252789000	164242028100
164274509400	164301515500	164291695000
164309526800	164336468100	164324555400
164345257500	164370553700	164358765600
164380499900	164403276800	164391331300
164415706500	164435030900	164425241600
164451767500	164468990000	164458491100
164486038300	164503802800	164491945000
164520565700	164537317100	164524809700
164554959200	164569373800	164558238600
164588831800	164604307200	164592145300
164623419600	164637666100	164624536400
164658665100	164687727600	164675151400
164693661000	164720361600	164708642300
164728571800	164753221600	164741637600
164762382600	164786796100	164775299400
164796783000	164820323900	164808462200
164832132400	164854185300	164841880700
164866587200	164887278200	164875358400
164902646200	164918758400	164908306300
164936653100	164954204300	164941954500
164971950600	164988586600	164975604800
165008792800	165036715600	165025001400
165045631500	165070014600	165058465000
165082783800	165104619800	165091896600
165120567900	165138078100	165125219300


16666666
163885404500	163904151700	163891863300
163920916100	163935008900	163924486800
163954918200	163970610900	163958631100
163990986000	164022478700	164008602300
164025904100	164054571300	164042681300
164061703000	164086519300	164074904000
164097863000	164120809600	164108864800
164134577300	164154070200	164142023900
164170069800	164187457400	164175408100
164204852300	164220476800	164208483300
164239484200	164252789000	164242028100
164274509400	164301515500	164291695000
164309526800	164336468100	164324555400
164345257500	164370553700	164358765600
164380499900	164403276800	164391331300
164415706500	164435030900	164425241600
164451767500	164468990000	164458491100
164486038300	164503802800	164491945000
164520565700	164537317100	164524809700
164554959200	164569373800	164558238600
164588831800	164604307200	164592145300
164623419600	164637666100	164624536400
164658665100	164687727600	164675151400
164693661000	164720361600	164708642300
164728571800	164753221600	164741637600
164762382600	164786796100	164775299400
164796783000	164820323900	164808462200
164832132400	164854185300	164841880700
164866587200	164887278200	164875358400
164902646200	164918758400	164908306300
164936653100	164954204300	164941954500
164971950600	164988586600	164975604800
165008792800	165036715600	165025001400
165045631500	165070014600	165058465000
165082783800	165104619800	165091896600
165120567900	165138078100	165125219300
165157412500	165187196000	165174841100
165193129700	165218339200	165208604500
165227200900	165251683700	165241699400
165261826800	165285885700	165274461400
165297667000	165320700400	165308575400
165334351200	165353309600	165341290700
165371831800	165385819500	165374811500
165407332200	165437239800	165424813200
165443154400	165469843700	165458284800
165478453400	165504138700	165492696800
165512037000	165536631200	165524971800
165546018700	165570172500	165558578800
165589728300	165604884100	165591891000
165626711100	165653859300	165641916100
165666979600	165688915200	165675272000
165722553100	165738933300	165725554700
165767711200	165787116800	165774791900
165804513600	165820913000	165808764700
165839807600	165854201900	165841639300
165874520700	165901826800	165892042500
165911264700	165936563600	165924927600
165944938600	165970340100	165958940500
165979692700	166002884700	165992955800
166014217400	166036451600	166025276900
166049613600	166067658200	166057835600
166085443500	166103869700	166092102900
166120943500	166137941000	166125407300
166156564100	166170891900	166158722400


16666666
164971950600	164988586600	164975604800
165008792800	165036715600	165025001400
165045631500	165070014600	165058465000
165082783800	165104619800	165091896600
165120567900	165138078100	165125219300
165157412500	165187196000	165174841100
165193129700	165218339200	165208604500
165227200900	165251683700	165241699400
165261826800	165285885700	165274461400
165297667000	165320700400	165308575400
165334351200	165353309600	165341290700
165371831800	165385819500	165374811500
165407332200	165437239800	165424813200
165443154400	165469843700	165458284800
165478453400	165504138700	165492696800
165512037000	165536631200	165524971800
165546018700	165570172500	165558578800
165589728300	165604884100	165591891000
165626711100	165653859300	165641916100
165666979600	165688915200	165675272000
165722553100	165738933300	165725554700
165767711200	165787116800	165774791900
165804513600	165820913000	165808764700
165839807600	165854201900	165841639300
165874520700	165901826800	165892042500
165911264700	165936563600	165924927600
165944938600	165970340100	165958940500
165979692700	166002884700	165992955800
166014217400	166036451600	166025276900
166049613600	166067658200	166057835600
166085443500	166103869700	166092102900
166120943500	166137941000	166125407300
166156564100	166170891900	166158722400
166192982900	166220356000	166208506200
166228876300	166253457100	166241862000
166263290100	166285177700	166275069700
166298147700	166320600600	166308830400
166333009200	166351594500	166341472000
166368252000	166385182300	166374736700
166403369700	166421034200	166408872900
166437728500	166453719000	166441711100
166472016200	166487553100	166475451300
166505235100	166520809600	166508640900
166538746800	166554044700	166542322800
166574100600	166605334400	166591722600
166607701900	166635696400	166624577200
166645846800	166669608300	166658516900
166680480500	166703687300	166691830800
166714544300	166737248800	166725189500
166749336600	166768128100	166758017900
166783861100	166801949800	166792030800
166818242100	166834856800	166824680400
166852663800	166870618200	166858949800
166885810500	166903228200	166891683200
166919753600	166937669700	166925415200
166953848700	166970288400	166958092700
166987842500	167002931100	166991566000
167021794300	167038010500	167025627300
167057397000	167085679300	167074625700
167091229100	167117763500	167108034400
167125180500	167152501000	167141735200
167160409500	167186647400	167175171300
167194684000	167219548300	167208271700
167229993200	167253188700	167241551200


16666666
166120943500	166137941000	166125407300
166156564100	166170891900	166158722400
166192982900	166220356000	166208506200
166228876300	166253457100	166241862000
166263290100	166285177700	166275069700
166298147700	166320600600	166308830400
166333009200	166351594500	166341472000
166368252000	166385182300	166374736700
166403369700	166421034200	166408872900
166437728500	166453719000	166441711100
166472016200	166487553100	166475451300
166505235100	166520809600	166508640900
166538746800	166554044700	166542322800
166574100600	166605334400	166591722600
166607701900	166635696400	166624577200
166645846800	166669608300	166658516900
166680480500	166703687300	166691830800
166714544300	166737248800	166725189500
166749336600	166768128100	166758017900
166783861100	166801949800	166792030800
166818242100	166834856800	166824680400
166852663800	166870618200	166858949800
166885810500	166903228200	166891683200
166919753600	166937669700	166925415200
166953848700	166970288400	166958092700
166987842500	167002931100	166991566000
167021794300	167038010500	167025627300
167057397000	167085679300	167074625700
167091229100	167117763500	167108034400
167125180500	167152501000	167141735200
167160409500	167186647400	167175171300
167194684000	167219548300	167208271700
167229993200	167253188700	167241551200
167264351500	167286119400	167274881600
167300062200	167319778100	167308309400
167335133500	167352131000	167341710000
167370700900	167386989300	167375287800
167405423800	167419360500	167408699600
167439704300	167454434700	167441697700
167474639500	167504372700	167492621400
167510623800	167537350200	167525925000
167543884700	167569415000	167557899200
167578105200	167603261200	167591924600
167611754900	167636391000	167626180500
167646219800	167669616000	167657912000
167681986300	167701105900	167691186700
167718093000	167737889300	167725222400
167751704500	167770017200	167758511500
167786445600	167803317300	167791634200
167821399200	167835919100	167825382700
167855319500	167870973800	167858536800
167888588100	167904571900	167892369900
167922377400	167935303100	167925017700
167956451800	167970811500	167958507000
167990569200	168020310900	168008456300
168025386300	168053368600	168041864900
168060271400	168086026800	168074803100
168094709100	168118953500	168108598700
168132402200	168154606300	168142321100
168166540900	168187828700	168176077000
168203262600	168220867600	168210269100
168238710000	168252406100	168241636800
168272563000	168287575000	168274636200
168308739700	168336470800	168325053000


16666666
167194684000	167219548300	167208271700
167229993200	167253188700	167241551200
167264351500	167286119400	167274881600
167300062200	167319778100	167308309400
167335133500	167352131000	167341710000
167370700900	167386989300	167375287800
167405423800	167419360500	167408699600
167439704300	167454434700	167441697700
167474639500	167504372700	167492621400
167510623800	167537350200	167525925000
167543884700	167569415000	167557899200
167578105200	167603261200	167591924600
167611754900	167636391000	167626180500
167646219800	167669616000	167657912000
167681986300	167701105900	167691186700
167718093000	167737889300	167725222400
167751704500	167770017200	167758511500
167786445600	167803317300	167791634200
167821399200	167835919100	167825382700
167855319500	167870973800	167858536800
167888588100	167904571900	167892369900
167922377400	167935303100	167925017700
167956451800	167970811500	167958507000
167990569200	168020310900	168008456300
168025386300	168053368600	168041864900
168060271400	168086026800	168074803100
168094709100	168118953500	168108598700
168132402200	168154606300	168142321100
168166540900	168187828700	168176077000
168203262600	168220867600	168210269100
168238710000	168252406100	168241636800
168272563000	168287575000	168274636200
168308739700	168336470800	168325053000
168344948700	168372311300	168359817000
168379560300	168401776200	168391557800
168414189000	168434925900	168424911200
168449121100	168471764600	168458764200
168484055300	168503859500	168491747200
168519814500	168535853500	168525601800
168554777800	168571807900	168559528200
168588465100	168602528500	168591725800
168622511900	168636026800	168624612100
168657199900	168688734600	168674945200
168691327600	168718630100	168708642600
168725632600	168753260300	168741474600
168760742200	168786186600	168774565800
168796548400	168820164600	168808759700
168830732200	168854183300	168841837700
168865323100	168885148800	168875197700
168901141000	168918472300	168908310500
168936650200	168953881900	168941886900
168973279700	168987364700	168974692600
169007932600	169037100800	169024921900
169042920300	169069242800	169059159000
169077105100	169103114800	169091919600
169111617100	169136545900	169125106700
169146235600	169170545500	169158698300
169181159700	169203539800	169191890100
169217628800	169236461300	169224973600
169252527000	169269953200	169258272200
169286632700	169304630100	169292095400
169321564400	169337945300	169325339600
169355303400	169369665100	169358492000
169390474300	169404031200	169391100400


16666666
168203262600	168220867600	168210269100
168238710000	168252406100	168241636800
168272563000	168287575000	168274636200
168308739700	168336470800	168325053000
168344948700	168372311300	168359817000
168379560300	168401776200	168391557800
168414189000	168434925900	168424911200
168449121100	168471764600	168458764200
168484055300	168503859500	168491747200
168519814500	168535853500	168525601800
168554777800	168571807900	168559528200
168588465100	168602528500	168591725800
168622511900	168636026800	168624612100
168657199900	168688734600	168674945200
168691327600	168718630100	168708642600
168725632600	168753260300	168741474600
168760742200	168786186600	168774565800
168796548400	168820164600	168808759700
168830732200	168854183300	168841837700
168865323100	168885148800	168875197700
168901141000	168918472300	168908310500
168936650200	168953881900	168941886900
168973279700	168987364700	168974692600
169007932600	169037100800	169024921900
169042920300	169069242800	169059159000
169077105100	169103114800	169091919600
169111617100	169136545900	169125106700
169146235600	169170545500	169158698300
169181159700	169203539800	169191890100
169217628800	169236461300	169224973600
169252527000	169269953200	169258272200
169286632700	169304630100	169292095400
169321564400	169337945300	169325339600
169355303400	169369665100	169358492000
169390474300	169404031200	169391100400
169426441300	169452778800	169441310400
169460892400	169486221900	169474755200
169495475500	169520242700	169508792700
169530984800	169553320300	169541727500
169565023700	169586408300	169574762400
169600903800	169619799700	169608263700
169636699600	169653757300	169642055900
169671020800	169686373600	169674523500
169705521800	169721113900	169708298400
169739947100	169754320900	169742082000
169775054000	169803625500	169791785200
169809545600	169835825200	169824575000
169844030200	169870301500	169858659400
169878500200	169901595200	169891823300
169913516200	169936318800	169924879700
169947945300	169968812200	169958458300
169982689700	170004124900	169992073000
170018352200	170036116000	170024583800
170054187900	170069181400	170058773100
170088552700	170103789900	170091780100
170122818500	170136965100	170124632900
170157107200	170169644400	170157842900
170191385800	170217893100	170208013400
170225710400	170251939700	170241740100
170260823900	170286445400	170275171500
170307742600	170335688300	170324460300
170342931300	170370482500	170360800400
170403864700	170425652600	170404107100
170441129100	170470492300	170457833300


16666666
169286632700	169304630100	169292095400
169321564400	169337945300	169325339600
169355303400	169369665100	169358492000
169390474300	169404031200	169391100400
169426441300	169452778800	169441310400
169460892400	169486221900	169474755200
169495475500	169520242700	169508792700
169530984800	169553320300	169541727500
169565023700	169586408300	169574762400
169600903800	169619799700	169608263700
169636699600	169653757300	169642055900
169671020800	169686373600	169674523500
169705521800	169721113900	169708298400
169739947100	169754320900	169742082000
169775054000	169803625500	169791785200
169809545600	169835825200	169824575000
169844030200	169870301500	169858659400
169878500200	169901595200	169891823300
169913516200	169936318800	169924879700
169947945300	169968812200	169958458300
169982689700	170004124900	169992073000
170018352200	170036116000	170024583800
170054187900	170069181400	170058773100
170088552700	170103789900	170091780100
170122818500	170136965100	170124632900
170157107200	170169644400	170157842900
170191385800	170217893100	170208013400
170225710400	170251939700	170241740100
170260823900	170286445400	170275171500
170307742600	170335688300	170324460300
170342931300	170370482500	170360800400
170403864700	170425652600	170404107100
170441129100	170470492300	170457833300
170480552300	170504325800	170492146500
170519528100	170537464900	170524902500
170554414700	170568917800	170558497200
170589181000	170605612200	170591428700
170623682800	170637577500	170625041100
170658458100	170687342500	170675284400
170693247300	170719676500	170708246200
170727056200	170752790300	170741156500
170761740000	170784982600	170774747700
170795984900	170817877000	170807997000
170830092400	170853336000	170841654300
170864810500	170885521600	170875346500
170897682000	170919329500	170908065000
170931289700	170953748500	170942071300
170963634700	170987559100	170976446100
170997781600	171019543300	171008183300
171031687300	171053825200	171041591600
171065601900	171085637900	171075409900
171099176800	171120519100	171108665100
171134412500	171153277500	171141729000
171170878000	171187498100	171175374100
171205400900	171220369800	171208483900
171238414900	171254247700	171241923600
171272339300	171286130300	171274503300
171306524400	171319321900	171308571000
171340663300	171371423700	171359340800
171376785200	171402840600	171391393100
171410657200	171436693600	171424969900
171446130200	171470002100	171458467300
171480580400	171504774400	171492211300

