16666666
236378188500	236402710700	236391777100
236412590100	236439108900	236425778600
236436979000	236453246900	236441863100
236465349500	236487137500	236475145500
236490788500	236520792200	236508999000
236515258900	236535758400	236525043100
236547066000	236570734700	236558724300
236571751800	236586682300	236575788400
236597985800	236622291200	236608360500
236624437800	236653796700	236641620200
236648433800	236670614600	236658811600
236678709000	236705337100	236691600700
236703932000	236720169100	236708888700
236733196500	236752538800	236741986600
236757621700	236786246300	236774938400
236780435100	236801315000	236791347200
236815026000	236836331900	236824873400
236840406700	236853191000	236842149200
236866876100	236886380900	236874754200
236893134200	236919235400	236908385800
236917110500	236935706400	236924743900
236944953000	236973054300	236959328500
236971529900	236987008900	236975269600
236996607900	237020587800	237008140000
237020783700	237036254300	237025519300
237046306700	237069398000	237058218200
237070419700	237085545900	237074874500
237095809900	237120413400	237108779900
237120949100	237135709900	237125015700
237147380500	237172689300	237158527900
237171880100	237184963800	237174959600
237197722900	237220808400	237208565400
237221632200	237236549600	237225099700
237245284600	237272319000	237259324100
237270513300	237286179100	237275138300
237295966000	237322053000	237308413800
237321916900	237336087400	237324858800
237348539700	237369918700	237358202800
237373370700	237386779700	237374971100
237397481400	237418829500	237408047600
237421825100	237437574000	237426135300
237447311400	237470576600	237458187500
237471333900	237486285200	237474918200


16666666
237471333900	237486285200	237474918200
237497991700	237521196600	237508190500
237522006200	237536032200	237524824000
237545746900	237571902700	237558114800
237569867300	237587306500	237575649900
237596875100	237621381300	237608105500
237621450200	237636518900	237625014500
237649148900	237672450300	237659479000
237673012100	237687245100	237675648500
237699276600	237720987600	237708734800
237724001400	237756314700	237743195100
237745769500	237771150900	237759069100
237783484800	237803748300	237792024400
237807171900	237835494800	237825158100
237831364800	237853267400	237841845000
237861357500	237888712700	237875569400
237886678800	237903690200	237892978200
237914597900	237935781500	237925041200
237939445400	237952140900	237942055100
237965356500	237988166100	237975136600
237991319100	238021172000	238008622200
238013102100	238036537100	238025063200
238046146900	238070430500	238057970900
238070768000	238085260600	238074849600
238095551800	238121169500	238108105200
238119201400	238135782500	238125255700
238147882400	238171462700	238158240400
238172354900	238187410200	238175603000
238195757500	238222062300	238208517700
238221508000	238236284500	238224772900
238247435000	238270608300	238258113800
238271333300	238285762000	238274764300
238296402100	238319812300	238308586300
238320874900	238336318600	238325013100
238343717800	238372253400	238358730700
238367736200	238386335700	238374888100
238397733100	238421003600	238408225900
238421857100	238436441300	238425389000
238446473800	238470986900	238457965400
238471291000	238486048000	238475061200
238498275200	238519990500	238508167000
238523004900	238535849000	238525603200
238549205000	238570742100	238558947600
238574279900	238604060500	238591553300
238598226100	238620383900	238609789800
238629913800	238654872100	238641428100
238654193700	238668915100	238659337700
238682791100	238703829800	238692046200
238707801000	238737147300	238725037900
238729532400	238753815000	238742915200
238761736300	238787972700	238775167100
238785938200	238803712700	238791972300
238812392200	238838975400	238825239900
238837873400	238853580200	238842547300
238862822200	238885747100	238874784600
238886721900	238900700600	238891187600
238912816500	238937355600	238924626800
238937191400	238952398400	238941597800
238962977800	238986442700	238975449600
238986803200	239002641500	238992022800
239012399600	239035975900	239024631100
239036837600	239051826300	239041290800
239063222100	239087967000	239074453400


16666666
238549205000	238570742100	238558947600
238574279900	238604060500	238591553300
238598226100	238620383900	238609789800
238629913800	238654872100	238641428100
238654193700	238668915100	238659337700
238682791100	238703829800	238692046200
238707801000	238737147300	238725037900
238729532400	238753815000	238742915200
238761736300	238787972700	238775167100
238785938200	238803712700	238791972300
238812392200	238838975400	238825239900
238837873400	238853580200	238842547300
238862822200	238885747100	238874784600
238886721900	238900700600	238891187600
238912816500	238937355600	238924626800
238937191400	238952398400	238941597800
238962977800	238986442700	238975449600
238986803200	239002641500	238992022800
239012399600	239035975900	239024631100
239036837600	239051826300	239041290800
239063222100	239087967000	239074453400
239087700500	239102319600	239091827200
239117201200	239135828700	239124803800
239141623100	239170912700	239158655800
239164779400	239187006600	239175857800
239195500300	239221658800	239208573500
239220025800	239236289400	239225239300
239247312200	239271101100	239258400400
239270915100	239285780100	239275033100
239296069100	239322329600	239309001700
239320669000	239336608100	239324781000
239346298000	239371438800	239358368600
239371389300	239386084700	239375245400
239395325000	239421435000	239408179500
239420395700	239436670000	239425017400
239447590100	239470702700	239458089000
239471364900	239486106600	239474967200
239496824100	239520484000	239507722000
239521357300	239536089500	239525166000
239547778100	239569087100	239558494900
239572603100	239586452300	239574717200
239597249300	239621287200	239608172400
239622187300	239637128100	239625513100
239647327900	239671250400	239657729500
239672013600	239686831000	239675234700
239694696100	239720839700	239708032100
239719898600	239735722600	239725345400
239745315300	239772211900	239758787700
239770627000	239786397300	239775370200
239797741200	239820517300	239808094000
239821266400	239835424600	239824974900
239845951400	239871786900	239858632900
239868820000	239886725100	239875099500
239896786200	239921347300	239908458600
239921611600	239936326800	239924673000
239946910100	239971681400	239958655700
239971774300	239986711200	239975378800
239997741300	240018400700	240008108100
240022497000	240036717000	240025173600
240048466500	240069644800	240058166800
240073378400	240085665500	240074625100
240098953500	240118433200	240107784000
240123878200	240157832500	240142114300
240145423400	240169678100	240158162900


16666666
239622187300	239637128100	239625513100
239647327900	239671250400	239657729500
239672013600	239686831000	239675234700
239694696100	239720839700	239708032100
239719898600	239735722600	239725345400
239745315300	239772211900	239758787700
239770627000	239786397300	239775370200
239797741200	239820517300	239808094000
239821266400	239835424600	239824974900
239845951400	239871786900	239858632900
239868820000	239886725100	239875099500
239896786200	239921347300	239908458600
239921611600	239936326800	239924673000
239946910100	239971681400	239958655700
239971774300	239986711200	239975378800
239997741300	240018400700	240008108100
240022497000	240036717000	240025173600
240048466500	240069644800	240058166800
240073378400	240085665500	240074625100
240098953500	240118433200	240107784000
240123878200	240157832500	240142114300
240145423400	240169678100	240158162900
240181943400	240203026800	240191151600
240207171700	240237267900	240225160000
240229218900	240254101200	240243349900
240263727200	240287499200	240274611000
240287962900	240302348700	240291568100
240313377500	240337219800	240324605000
240337939800	240352601000	240341610200
240363094200	240386310400	240374995400
240387126100	240402534400	240391840200
240410375000	240437664200	240425144000
240433276200	240451927000	240441286400
240463059500	240488961900	240475494200
240486646600	240503242600	240491963600
240515607600	240537260900	240525294100
240540366600	240552948700	240541170900
240565709000	240585298100	240574526100
240590457000	240620810100	240608273300
240613916000	240635498300	240624881100
240647514800	240668919600	240658350800
240671934700	240686093900	240674941200
240696693500	240719485100	240708557900
240720312800	240735024200	240724682300
240745416400	240771799100	240758452700
240769924300	240786265700	240775481400
240797754600	240821344500	240808583000
240822211700	240835240900	240824883900
240847946300	240871408800	240858715800
240872421500	240886157700	240874988000
240896859300	240922193000	240908508400
240921969800	240937536700	240925568700
240946950900	240971022200	240958062500
240970972000	240986221200	240975027200
240996012800	241022402000	241008871800
241020724300	241036954800	241025865800
241048432300	241071006100	241058474700
241071329000	241085669600	241075038200
241096928700	241122143100	241107825800
241121682200	241136410300	241125493600
241147598800	241171022500	241158169500
241171654900	241185901700	241175229000
241196776400	241221085500	241208161500
241221862800	241236303400	241224941100


16666666
240696693500	240719485100	240708557900
240720312800	240735024200	240724682300
240745416400	240771799100	240758452700
240769924300	240786265700	240775481400
240797754600	240821344500	240808583000
240822211700	240835240900	240824883900
240847946300	240871408800	240858715800
240872421500	240886157700	240874988000
240896859300	240922193000	240908508400
240921969800	240937536700	240925568700
240946950900	240971022200	240958062500
240970972000	240986221200	240975027200
240996012800	241022402000	241008871800
241020724300	241036954800	241025865800
241048432300	241071006100	241058474700
241071329000	241085669600	241075038200
241096928700	241122143100	241107825800
241121682200	241136410300	241125493600
241147598800	241171022500	241158169500
241171654900	241185901700	241175229000
241196776400	241221085500	241208161500
241221862800	241236303400	241224941100
241248793000	241270626400	241258535000
241273203900	241286364600	241274632800
241298774600	241319389300	241308012300
241323407700	241335496000	241324484300
241348824700	241369810900	241358099700
241372961200	241385484200	241374939300
241397799100	241421130300	241408457300
241421870600	241436497800	241425270800
241445741500	241471020300	241458425100
241470983400	241487444400	241475664200
241496368500	241521729100	241508160900
241521122000	241536279000	241525053400
241544691000	241571558900	241558982100
241570445800	241586029400	241575164400
241597965200	241619817000	241607985300
241623050000	241636567900	241624634200
241650693100	241669202200	241658320900
241676632300	241704449400	241691571000
241702700200	241720340600	241709112200
241729502900	241756060200	241742140700
241754644800	241769880400	241758170500
241781915300	241803247700	241791267300
241807387800	241838959300	241825511100
241828789000	241853684700	241842311100
241865472100	241887120000	241874739700
241889829200	241902636800	241892337900
241913565000	241937931800	241925718200
241938583300	241954218400	241942459800
241964092800	241987017600	241974436800
241987728100	242002784600	241991742800
242012718500	242035825500	242024914600
242036892300	242052358700	242041597300
242062409200	242088232600	242075464000
242086577900	242103222000	242091847200
242113615500	242138197900	242125112300
242138047400	242151783800	242141879500
242162920600	242186222000	242174679700
242187192400	242202238600	242191748200
242211867800	242238588800	242225381900
242237188800	242253780500	242242433200
242262525700	242289081300	242275469000
242288266400	242303807500	242292108100


16666666
241754644800	241769880400	241758170500
241781915300	241803247700	241791267300
241807387800	241838959300	241825511100
241828789000	241853684700	241842311100
241865472100	241887120000	241874739700
241889829200	241902636800	241892337900
241913565000	241937931800	241925718200
241938583300	241954218400	241942459800
241964092800	241987017600	241974436800
241987728100	242002784600	241991742800
242012718500	242035825500	242024914600
242036892300	242052358700	242041597300
242062409200	242088232600	242075464000
242086577900	242103222000	242091847200
242113615500	242138197900	242125112300
242138047400	242151783800	242141879500
242162920600	242186222000	242174679700
242187192400	242202238600	242191748200
242211867800	242238588800	242225381900
242237188800	242253780500	242242433200
242262525700	242289081300	242275469000
242288266400	242303807500	242292108100
242316653300	242338063900	242325024300
242343764500	242370982800	242358554400
242367872200	242387475700	242376420200
242396758200	242420938000	242408096700
242420912000	242435779300	242425373100
242445826500	242472611500	242458714900
242471300100	242487117100	242474789000
242497307100	242520884700	242508438400
242521824500	242536244100	242525233900
242546282500	242572583500	242558866300
242570178100	242586224700	242574679700
242600890400	242620512800	242609510200
242626109800	242653984200	242641403900
242653461300	242669788500	242658684900
242677351100	242704016000	242691458200
242702644400	242719062400	242708502500
242728363700	242754995300	242741728300
242753569800	242770647400	242758978200
242779625100	242806367400	242792951700
242805098900	242820729600	242809107400
242831756900	242854568800	242841560700
242856528500	242869976300	242858575200
242881375200	242905022200	242892181400
242905881900	242919873900	242908296800
242930218300	242956105700	242941875300
242955442300	242969202000	242958653200
242981108800	243004781200	242992020400
243005159300	243020539300	243008277200
243027792900	243055240400	243042254600
243053200100	243069840000	243058659300
243080524600	243104406600	243091328700
243104118800	243119869800	243108640600
243130090900	243153188500	243142316000
243153915400	243168514100	243158444900
243177704800	243203973700	243191396900
243202663400	243219198800	243208375300
243228572900	243255483400	243242548500
243253808000	243270600800	243259473700
243281411400	243304738800	243291862600
243305595900	243321371800	243309195600
243329180300	243356503100	243342396900


16666666
242779625100	242806367400	242792951700
242805098900	242820729600	242809107400
242831756900	242854568800	242841560700
242856528500	242869976300	242858575200
242881375200	242905022200	242892181400
242905881900	242919873900	242908296800
242930218300	242956105700	242941875300
242955442300	242969202000	242958653200
242981108800	243004781200	242992020400
243005159300	243020539300	243008277200
243027792900	243055240400	243042254600
243053200100	243069840000	243058659300
243080524600	243104406600	243091328700
243104118800	243119869800	243108640600
243130090900	243153188500	243142316000
243153915400	243168514100	243158444900
243177704800	243203973700	243191396900
243202663400	243219198800	243208375300
243228572900	243255483400	243242548500
243253808000	243270600800	243259473700
243281411400	243304738800	243291862600
243305595900	243321371800	243309195600
243329180300	243356503100	243342396900
243355816400	243370019200	243357953200
243382209900	243403384200	243391780700
243409364400	243439843800	243424592800
243439256100	243452565800	243441469700
243470400500	243484768400	243474614900
243497519700	243518454300	243507884300
243524661900	243554287500	243541981200
243550980900	243570771000	243558667500
243584343000	243603989200	243591785500
243609578500	243638791900	243625619500
243633440600	243653869100	243642802300
243665355500	243686644000	243674549800
243689949200	243704281500	243692375000
243717082400	243737237900	243725373500
243741227300	243770917800	243757895600
243763393500	243784743500	243774789600
243798645700	243821484900	243808424700
243824764600	243853832200	243841676300
243848695900	243870132100	243858604100
243878597500	243905232100	243892821500
243902125600	243919528900	243909608100
243930126300	243953354400	243941392500
243954092900	243969250400	243958303600
243979677300	244005436800	243991886200
244004851700	244020611800	244009017100
244029579100	244055287000	244041835800
244054832700	244070331800	244059582700
244079458800	244105432100	244091829400
244103357500	244120940400	244109506200
244131290400	244152444100	244141711200
244156123600	244170300300	244158917100
244180818600	244203235000	244191142700
244206171500	244221116200	244209163200
244231474400	244253776400	244241401500
244256654600	244268820500	244257903800
244282886500	244303754700	244291372700
244307455900	244337731300	244324887900
244331594600	244353272200	244342140100
244363618300	244385642100	244374398500
244388974600	244403774900	244391471800
244415229800	244435120300	244424493800


16666666
243878597500	243905232100	243892821500
243902125600	243919528900	243909608100
243930126300	243953354400	243941392500
243954092900	243969250400	243958303600
243979677300	244005436800	243991886200
244004851700	244020611800	244009017100
244029579100	244055287000	244041835800
244054832700	244070331800	244059582700
244079458800	244105432100	244091829400
244103357500	244120940400	244109506200
244131290400	244152444100	244141711200
244156123600	244170300300	244158917100
244180818600	244203235000	244191142700
244206171500	244221116200	244209163200
244231474400	244253776400	244241401500
244256654600	244268820500	244257903800
244282886500	244303754700	244291372700
244307455900	244337731300	244324887900
244331594600	244353272200	244342140100
244363618300	244385642100	244374398500
244388974600	244403774900	244391471800
244415229800	244435120300	244424493800
244441898000	244471207900	244458266200
244466798600	244486020100	244474736500
244496035900	244523054500	244509081000
244521745900	244537480800	244525855400
244549372300	244568467300	244557988500
244574192700	244603430200	244591512900
244597584500	244619211300	244608748600
244628719800	244654656900	244641717500
244653080300	244669981800	244658456200
244679403600	244705665600	244692362800
244704429600	244719655400	244708486300
244731531000	244753819300	244741117900
244754553700	244769432800	244758063700
244781702800	244804762700	244791745800
244805641700	244819115400	244808045500
244831010800	244854625700	244841961600
244855714100	244869129700	244859025400
244881665700	244903004500	244891161400
244906297100	244919239600	244908736600
244932478500	244954937400	244942000500
244955798700	244970152400	244958621000
244983094000	245004392300	244992676600
245008322100	245036510400	245024906200
245031965400	245053116400	245042455000
245061989800	245088134500	245074803300
245086112800	245102394200	245091433300
245113468900	245137075600	245124541000
245137700300	245152670600	245141754300
245164317400	245186976400	245174515400
245187799200	245202743100	245191745800
245213507600	245238801400	245225462400
245237127100	245253421200	245242651800
245264621400	245285914700	245274358600
245289221000	245303922500	245293084800
245314466200	245337076600	245324739700
245337909100	245353527900	245341981300
245361863200	245388433900	245374623700
245386309500	245403491200	245392112000
245413298500	245438264800	245425054800
245438162900	245452970000	245441737300
245463548700	245488455800	245474889500
245488519900	245503946700	245492379000


16666666
244906297100	244919239600	244908736600
244932478500	244954937400	244942000500
244955798700	244970152400	244958621000
244983094000	245004392300	244992676600
245008322100	245036510400	245024906200
245031965400	245053116400	245042455000
245061989800	245088134500	245074803300
245086112800	245102394200	245091433300
245113468900	245137075600	245124541000
245137700300	245152670600	245141754300
245164317400	245186976400	245174515400
245187799200	245202743100	245191745800
245213507600	245238801400	245225462400
245237127100	245253421200	245242651800
245264621400	245285914700	245274358600
245289221000	245303922500	245293084800
245314466200	245337076600	245324739700
245337909100	245353527900	245341981300
245361863200	245388433900	245374623700
245386309500	245403491200	245392112000
245413298500	245438264800	245425054800
245438162900	245452970000	245441737300
245463548700	245488455800	245474889500
245488519900	245503946700	245492379000
245515529100	245535768000	245524918900
245541295500	245570374200	245558304800
245564559000	245585903700	245574671800
245596346700	245621864900	245608316100
245621544400	245635746400	245625329200
245647714900	245672652800	245658090100
245673469700	245687016400	245674999900
245709749800	245738559900	245725281800
245743112800	245771526700	245758601300
245768852500	245786441800	245775013200
245799792700	245818760100	245808376200
245826150100	245854294400	245841849700
245848612000	245869604500	245858328700
245879358800	245905591600	245891840100
245903493200	245919655200	245908175900
245931008300	245955550400	245943167800
245956227200	245969979600	245958604500
245981722500	246002775600	245991428200
246006206900	246020239300	246008838300
246031714000	246054093200	246041688600
246057846200	246087010600	246074728400
246082940000	246102112500	246091648800
246112573800	246138247700	246124706000
246137074600	246152673400	246141836100
246162812500	246187524600	246174712000
246187145200	246202509200	246191386200
246212564300	246238748700	246224805200
246238704100	246253930700	246242196600
246263444900	246287278200	246274403300
246287197300	246302547000	246291711200
246314222700	246335291200	246324710800
246338880400	246351887000	246341837100
246364761800	246387489900	246374428300
246389304200	246403289000	246391716500
246415852600	246436215900	246425169000
246441272700	246472460000	246458961300
246461703000	246486260100	246474856200
246497250000	246520597200	246507900800
246521476600	246537114400	246524897300
246546979600	246572419400	246558787200


16666666
246006206900	246020239300	246008838300
246031714000	246054093200	246041688600
246057846200	246087010600	246074728400
246082940000	246102112500	246091648800
246112573800	246138247700	246124706000
246137074600	246152673400	246141836100
246162812500	246187524600	246174712000
246187145200	246202509200	246191386200
246212564300	246238748700	246224805200
246238704100	246253930700	246242196600
246263444900	246287278200	246274403300
246287197300	246302547000	246291711200
246314222700	246335291200	246324710800
246338880400	246351887000	246341837100
246364761800	246387489900	246374428300
246389304200	246403289000	246391716500
246415852600	246436215900	246425169000
246441272700	246472460000	246458961300
246461703000	246486260100	246474856200
246497250000	246520597200	246507900800
246521476600	246537114400	246524897300
246546979600	246572419400	246558787200
246572530900	246587071400	246574782400
246599351800	246619661900	246608065300
246625181900	246654760400	246641753900
246650397600	246669166400	246658711500
246680687000	246702206200	246691108800
246705555400	246720802500	246708303000
246728267700	246754620100	246741423200
246753646000	246769600000	246758855300
246780812100	246803929100	246791454400
246804944100	246818626000	246808408200
246830414500	246853700900	246841284500
246854350300	246869359400	246858070100
246876951900	246905018400	246892848400
246900118700	246919389200	246908508700
246931358200	246954264300	246941618600
246956829300	246970566600	246959232300
246982270600	247003600700	246991622300
247006512600	247019625700	247008034000
247032004600	247053081200	247041248700
247056522500	247069686800	247058512400
247081378400	247103089200	247091119500
247106727900	247121496900	247109159600
247132955400	247152952700	247141421100
247157004500	247169413000	247157921400
247182679400	247202326700	247191150400
247207472400	247237295200	247224791100
247231417800	247252951100	247241895700
247264840300	247287970300	247274886400
247288891500	247303127300	247292464000
247314956200	247338014400	247325159400
247340023600	247353671200	247342654100
247364666500	247387626800	247375219400
247388858700	247403246100	247392188900
247412957200	247437390000	247424550600
247438027700	247452801300	247442209900
247463714300	247487828800	247474675000
247488374700	247503064900	247491981900
247512841700	247538284200	247525129300
247538241400	247553664400	247542238600
247565230300	247585924800	247574407100
247589826200	247604006100	247591998200
247615561700	247636832700	247624505300


16666666
247106727900	247121496900	247109159600
247132955400	247152952700	247141421100
247157004500	247169413000	247157921400
247182679400	247202326700	247191150400
247207472400	247237295200	247224791100
247231417800	247252951100	247241895700
247264840300	247287970300	247274886400
247288891500	247303127300	247292464000
247314956200	247338014400	247325159400
247340023600	247353671200	247342654100
247364666500	247387626800	247375219400
247388858700	247403246100	247392188900
247412957200	247437390000	247424550600
247438027700	247452801300	247442209900
247463714300	247487828800	247474675000
247488374700	247503064900	247491981900
247512841700	247538284200	247525129300
247538241400	247553664400	247542238600
247565230300	247585924800	247574407100
247589826200	247604006100	247591998200
247615561700	247636832700	247624505300
247640529000	247668616200	247658034400
247666307000	247686633800	247675233500
247692734700	247720890100	247708561100
247716631500	247736382000	247725032800
247747313900	247770549500	247757813600
247771226700	247785122000	247775178700
247796733300	247820350500	247807904600
247821073000	247835321600	247824866300
247846652500	247871044000	247858244800
247871024800	247885910600	247874785200
247896849600	247920639000	247908264700
247921438700	247936919200	247925665500
247945210700	247971569100	247958792400
247970604600	247986556600	247975653700
247997582400	248021268400	248008556200
248021338100	248036443200	248024632700
248047396300	248070576000	248057771000
248071085400	248085830400	248075199500
248095836500	248122100600	248108747900
248122017800	248137267700	248125513400
248147369100	248171086000	248158397800
248171731900	248186075900	248175345100
248196116400	248222241900	248209243300
248220514100	248236845800	248225798500
248247764400	248271741600	248258240800
248271393800	248286288700	248275545100
248298575000	248321435500	248308423000
248322144100	248336117700	248325202500
248346969200	248370865700	248358676700
248370832100	248386091200	248374979900
248395838800	248421436700	248407800000
248420384300	248436143400	248424911000
248448939000	248470588700	248458551400
248473501200	248486359400	248475307100
248499035100	248519704800	248508070200
248523126300	248535285100	248524940300
248546648700	248571638600	248557909500
248571024100	248587349600	248575431600
248594700500	248620926800	248608149900
248619675100	248636806500	248625315100
248645579000	248670518300	248658600200
248670980900	248686608800	248674843800
248697427400	248720336600	248708041400


16666666
248147369100	248171086000	248158397800
248171731900	248186075900	248175345100
248196116400	248222241900	248209243300
248220514100	248236845800	248225798500
248247764400	248271741600	248258240800
248271393800	248286288700	248275545100
248298575000	248321435500	248308423000
248322144100	248336117700	248325202500
248346969200	248370865700	248358676700
248370832100	248386091200	248374979900
248395838800	248421436700	248407800000
248420384300	248436143400	248424911000
248448939000	248470588700	248458551400
248473501200	248486359400	248475307100
248499035100	248519704800	248508070200
248523126300	248535285100	248524940300
248546648700	248571638600	248557909500
248571024100	248587349600	248575431600
248594700500	248620926800	248608149900
248619675100	248636806500	248625315100
248645579000	248670518300	248658600200
248670980900	248686608800	248674843800
248697427400	248720336600	248708041400
248723552500	248737443800	248725518300
248749522100	248770523400	248758493800
248773546400	248787526600	248775490400
248798960600	248820042100	248807898200
248824268800	248853570200	248841518300
248846442000	248867631600	248858011800
248882004600	248902705400	248891098800
248906642300	248920887700	248909258300
248932416500	248952373100	248941659700
248957123900	248987498400	248975672500
248979190700	249001770400	248991674700
249014632100	249037903900	249025448600
249038359600	249053057900	249041959400
249065495200	249086910900	249075392300
249090884000	249120293400	249108313500
249114662300	249135241600	249124820500
249146520300	249171746400	249157975700
249169657500	249185979900	249174894800
249196756400	249221287400	249208622900
249221097500	249236969900	249225623700
249244712700	249271538900	249258605200
249269933100	249286422300	249275605100
249297158300	249319656100	249309554600
249323073100	249337258400	249325232300
249348063300	249371172800	249358547300
249372074000	249385695300	249375765500
249398534800	249421010200	249408505500
249423402400	249437163600	249425682400
249448472800	249471970600	249459510800
249472962300	249485217300	249475364800
249498365500	249519698000	249507781500
249524030700	249551965800	249541879500
249549073900	249570462600	249558801600
249577021400	249604165900	249591627800
249601281200	249619296700	249608279300
249629191400	249655493100	249642217600
249653565000	249668844200	249658002200
249682407700	249703308900	249691602600
249707316400	249737040600	249724871600
249729836200	249751174900	249741434500
249762342300	249787677400	249774752600

