16666666
4080720728800	4080743726700	4080731875200
4080756641900	4080777867000	4080767241600
4080793879800	4080809283300	4080798630900
4080828937000	4080844287700	4080832741900
4080864589500	4080894009500	4080882370000
4080901184600	4080926613000	4080915666600
4080938476000	4080961301200	4080948790700
4080975088600	4080993427500	4080981964400
4081012059600	4081026664000	4081015819800
4081046648100	4081060714600	4081048318100
4081081093000	4081108703500	4081098311000
4081117711300	4081144503400	4081132225400
4081154700800	4081177617100	4081165078100
4081191385000	4081210397900	4081198445500
4081227759200	4081246416700	4081232399000
4081268216900	4081297031700	4081281613600
4081307873100	4081328167100	4081315607800
4081346491900	4081362705600	4081349204500
4081386751500	4081411900500	4081399124100
4081425348000	4081444724000	4081432474200
4081462483100	4081479242200	4081467135000
4081498669500	4081526202000	4081515534200
4081538462300	4081560585300	4081548471700
4081578152100	4081595234600	4081582545100
4081614044800	4081627796000	4081614966800
4081649846800	4081679823500	4081666749600
4081687911200	4081710461200	4081698511500
4081725702900	4081744159300	4081733672800


16666666
4081846711900	4081861306200	4081848233200
4081883257000	4081911396000	4081898560400
4081923827700	4081943211400	4081932358900
4081961939700	4081979972000	4081966972800
4082005116300	4082029904400	4082015935300
4082046289500	4082061682300	4082048206400
4082083842000	4082110444300	4082098475600
4082123536900	4082145244300	4082133989300
4082163206800	4082177416800	4082165077700
4082200671000	4082229731200	4082216976900
4082240538300	4082259855200	4082248830900
4082277903600	4082294503000	4082281922600
4082315128700	4082343185600	4082332100100
4082353547100	4082376341400	4082365117000
4082393614500	4082410963300	4082400059000
4082431384700	4082461013900	4082450229800
4082469527600	4082493207200	4082482427900
4082507040000	4082527214200	4082517106600
4082542318400	4082560599000	4082548680100
4082577585400	4082594665500	4082583189900
4082613744700	4082629043600	4082616957000
4082648733000	4082678211500	4082665696600
4082687278200	4082709995100	4082698452300
4082722967800	4082744279100	4082733555200
4082759441100	4082777049400	4082765157200
4082795221300	4082811483700	4082799692400
4082829684300	4082844006300	4082832465200
4082863603400	4082877307400	4082864994700
4082899403500	4082929039300	4082916953100
4082934994500	4082962240500	4082950335500
4082972860100	4082993262200	4082981755200
4083009213600	4083026999300	4083016024300
4083045493600	4083061650900	4083050436700
4083081939500	4083110616000	4083099179200
4083119286300	4083145062700	4083133476000
4083157129100	4083177844300	4083165764600
4083192751000	4083211286000	4083200407200
4083229103200	4083245053000	4083232471600
4083263451100	4083278037800	4083265438500
4083299213800	4083327749200	4083316659400
4083334685400	4083360583300	4083348729300
4083370854600	4083393907300	4083381937700
4083409680100	4083427028700	4083416352600
4083446765400	4083461024500	4083448265600
4083481418700	4083509604700	4083498839300
4083518735000	4083544673300	4083532507300
4083556130400	4083578990400	4083567034000
4083593599500	4083610988100	4083598487100
4083629143500	4083643816200	4083632003800
4083663763300	4083678465900	4083666000900
4083698910800	4083727173500	4083716854400
4083735463400	4083760977700	4083749057000
4083771871900	4083792511700	4083781979600
4083808111200	4083827162600	4083816295000
4083843866600	4083860947600	4083850001900
4083880124800	4083894274500	4083881808600
4083914134900	4083944096600	4083932424900
4083951059700	4083978498300	4083966996000


16666666
4082934994500	4082962240500	4082950335500
4082972860100	4082993262200	4082981755200
4083009213600	4083026999300	4083016024300
4083045493600	4083061650900	4083050436700
4083081939500	4083110616000	4083099179200
4083119286300	4083145062700	4083133476000
4083157129100	4083177844300	4083165764600
4083192751000	4083211286000	4083200407200
4083229103200	4083245053000	4083232471600
4083263451100	4083278037800	4083265438500
4083299213800	4083327749200	4083316659400
4083334685400	4083360583300	4083348729300
4083370854600	4083393907300	4083381937700
4083409680100	4083427028700	4083416352600
4083446765400	4083461024500	4083448265600
4083481418700	4083509604700	4083498839300
4083518735000	4083544673300	4083532507300
4083556130400	4083578990400	4083567034000
4083593599500	4083610988100	4083598487100
4083629143500	4083643816200	4083632003800
4083663763300	4083678465900	4083666000900
4083698910800	4083727173500	4083716854400
4083735463400	4083760977700	4083749057000
4083771871900	4083792511700	4083781979600
4083808111200	4083827162600	4083816295000
4083843866600	4083860947600	4083850001900
4083880124800	4083894274500	4083881808600
4083914134900	4083944096600	4083932424900
4083951059700	4083978498300	4083966996000
4083987279100	4084010965500	4083999147100
4084024246800	4084044221200	4084032415200
4084060270000	4084076845500	4084065187200
4084094655800	4084111126900	4084099500800
4084129227000	4084145957400	4084132484600
4084165412500	4084193637300	4084181721100
4084206616600	4084227190600	4084216091100
4084244819000	4084262069000	4084248965300
4084281398300	4084310514900	4084298569900
4084318878700	4084344662500	4084332191200
4084359565200	4084377879500	4084365705600
4084397172600	4084409844900	4084398621300
4084433595100	4084460347900	4084448345000
4084470846800	4084495240500	4084483492200
4084507814600	4084526597900	4084515979000
4084543585000	4084561759900	4084549321700
4084580201800	4084593932800	4084582600000
4084614224900	4084644961100	4084633728900
4084651721400	4084677200700	4084665797300
4084688875900	4084709461400	4084699158100
4084724671100	4084745745600	4084733850900
4084761536500	4084777047100	4084765145900
4084795700200	4084810032800	4084798344400
4084830497400	4084845702200	4084833757000
4084864725400	4084893944200	4084882283400
4084900679500	4084926530300	4084915861700
4084937225300	4084960150600	4084949476500
4084974085800	4084995536900	4084983516000
4085010371400	4085028216800	4085016601700
4085045921800	4085059950600	4085048561900
4085081415900	4085109665600	4085099303000
4085117326100	4085143888200	4085132634700
4085152504300	4085176914600	4085165476800
4085189127900	4085212800300	4085200169600
4085226935700	4085245654500	4085233635400


16666666
4083987279100	4084010965500	4083999147100
4084024246800	4084044221200	4084032415200
4084060270000	4084076845500	4084065187200
4084094655800	4084111126900	4084099500800
4084129227000	4084145957400	4084132484600
4084165412500	4084193637300	4084181721100
4084206616600	4084227190600	4084216091100
4084244819000	4084262069000	4084248965300
4084281398300	4084310514900	4084298569900
4084318878700	4084344662500	4084332191200
4084359565200	4084377879500	4084365705600
4084397172600	4084409844900	4084398621300
4084433595100	4084460347900	4084448345000
4084470846800	4084495240500	4084483492200
4084507814600	4084526597900	4084515979000
4084543585000	4084561759900	4084549321700
4084580201800	4084593932800	4084582600000
4084614224900	4084644961100	4084633728900
4084651721400	4084677200700	4084665797300
4084688875900	4084709461400	4084699158100
4084724671100	4084745745600	4084733850900
4084761536500	4084777047100	4084765145900
4084795700200	4084810032800	4084798344400
4084830497400	4084845702200	4084833757000
4084864725400	4084893944200	4084882283400
4084900679500	4084926530300	4084915861700
4084937225300	4084960150600	4084949476500
4084974085800	4084995536900	4084983516000
4085010371400	4085028216800	4085016601700
4085045921800	4085059950600	4085048561900
4085081415900	4085109665600	4085099303000
4085117326100	4085143888200	4085132634700
4085152504300	4085176914600	4085165476800
4085189127900	4085212800300	4085200169600
4085226935700	4085245654500	4085233635400
4085267353800	4085294262300	4085282323800
4085303615200	4085326892700	4085315927900
4085340091100	4085358931200	4085348515100
4085376073300	4085393932600	4085382250300
4085411670500	4085427145100	4085415110500
4085446761600	4085461670400	4085449104900
4085480815600	4085509894700	4085498304100
4085518794600	4085544412300	4085532467100
4085554263800	4085576994700	4085565157300
4085590590400	4085610122800	4085598443600
4085626635000	4085644969100	4085632628100
4085662133300	4085677481700	4085665288700
4085696918800	4085711009300	4085698500000
4085730342100	4085745459000	4085732710500
4085765588000	4085793295100	4085781669100
4085802965400	4085826370200	4085815428300
4085839472500	4085861008900	4085848877300
4085874717300	4085892374700	4085881946700
4085910211000	4085927757100	4085915492400
4085946833600	4085961426100	4085949260800
4085981155200	4086010573300	4086000034500
4086018133000	4086043240000	4086032279500
4086056973800	4086076902300	4086065113000
4086095839900	4086112290800	4086098437200
4086133824200	4086161343500	4086150120400
4086174388600	4086196081300	4086182883900
4086212956100	4086229498000	4086215770000
4086249391800	4086278627400	4086266035000
4086287712800	4086310200100	4086299155000


16666666
4084937225300	4084960150600	4084949476500
4084974085800	4084995536900	4084983516000
4085010371400	4085028216800	4085016601700
4085045921800	4085059950600	4085048561900
4085081415900	4085109665600	4085099303000
4085117326100	4085143888200	4085132634700
4085152504300	4085176914600	4085165476800
4085189127900	4085212800300	4085200169600
4085226935700	4085245654500	4085233635400
4085267353800	4085294262300	4085282323800
4085303615200	4085326892700	4085315927900
4085340091100	4085358931200	4085348515100
4085376073300	4085393932600	4085382250300
4085411670500	4085427145100	4085415110500
4085446761600	4085461670400	4085449104900
4085480815600	4085509894700	4085498304100
4085518794600	4085544412300	4085532467100
4085554263800	4085576994700	4085565157300
4085590590400	4085610122800	4085598443600
4085626635000	4085644969100	4085632628100
4085662133300	4085677481700	4085665288700
4085696918800	4085711009300	4085698500000
4085730342100	4085745459000	4085732710500
4085765588000	4085793295100	4085781669100
4085802965400	4085826370200	4085815428300
4085839472500	4085861008900	4085848877300
4085874717300	4085892374700	4085881946700
4085910211000	4085927757100	4085915492400
4085946833600	4085961426100	4085949260800
4085981155200	4086010573300	4086000034500
4086018133000	4086043240000	4086032279500
4086056973800	4086076902300	4086065113000
4086095839900	4086112290800	4086098437200
4086133824200	4086161343500	4086150120400
4086174388600	4086196081300	4086182883900
4086212956100	4086229498000	4086215770000
4086249391800	4086278627400	4086266035000
4086287712800	4086310200100	4086299155000
4086327313100	4086346066600	4086333626600
4086363931200	4086394007500	4086381883500
4086402834700	4086427869000	4086415604600
4086439849000	4086461388700	4086448833800
4086476102800	4086493894700	4086481820000
4086512655100	4086527061800	4086515096100
4086549383700	4086576593100	4086565701000
4086587044300	4086609336300	4086598524000
4086626626200	4086645860800	4086633374400
4086665226800	4086694405200	4086681704300
4086703807800	4086729404900	4086715991800
4086742911300	4086762759800	4086750199900
4086780766500	4086797344300	4086781819800
4086817400700	4086845345400	4086832385700
4086857200600	4086878993900	4086865726100
4086894246300	4086911521700	4086899473400
4086931012800	4086960541200	4086948431800
4086969998100	4086996644400	4086983369500
4087011389000	4087028906400	4087017115000
4087065114900	4087094938300	4087081814400
4087117727700	4087145064900	4087132394700
4087162235700	4087177319200	4087165009800
4087203750400	4087228035500	4087215103400
4087250150500	4087275705400	4087265012300
4087293337300	4087309551900	4087298704700
4087330313200	4087345673700	4087331966200


16666666
4085910211000	4085927757100	4085915492400
4085946833600	4085961426100	4085949260800
4085981155200	4086010573300	4086000034500
4086018133000	4086043240000	4086032279500
4086056973800	4086076902300	4086065113000
4086095839900	4086112290800	4086098437200
4086133824200	4086161343500	4086150120400
4086174388600	4086196081300	4086182883900
4086212956100	4086229498000	4086215770000
4086249391800	4086278627400	4086266035000
4086287712800	4086310200100	4086299155000
4086327313100	4086346066600	4086333626600
4086363931200	4086394007500	4086381883500
4086402834700	4086427869000	4086415604600
4086439849000	4086461388700	4086448833800
4086476102800	4086493894700	4086481820000
4086512655100	4086527061800	4086515096100
4086549383700	4086576593100	4086565701000
4086587044300	4086609336300	4086598524000
4086626626200	4086645860800	4086633374400
4086665226800	4086694405200	4086681704300
4086703807800	4086729404900	4086715991800
4086742911300	4086762759800	4086750199900
4086780766500	4086797344300	4086781819800
4086817400700	4086845345400	4086832385700
4086857200600	4086878993900	4086865726100
4086894246300	4086911521700	4086899473400
4086931012800	4086960541200	4086948431800
4086969998100	4086996644400	4086983369500
4087011389000	4087028906400	4087017115000
4087065114900	4087094938300	4087081814400
4087117727700	4087145064900	4087132394700
4087162235700	4087177319200	4087165009800
4087203750400	4087228035500	4087215103400
4087250150500	4087275705400	4087265012300
4087293337300	4087309551900	4087298704700
4087330313200	4087345673700	4087331966200
4087368178700	4087395095400	4087382551500
4087406801700	4087427962000	4087415812800
4087444093500	4087460357100	4087448806800
4087479438600	4087494450500	4087481897900
4087515578700	4087544194800	4087532138200
4087554605600	4087578603300	4087565555700
4087594828300	4087611438800	4087598640500
4087634527300	4087660165100	4087648472600
4087688387600	4087709483800	4087698471100
4087752272800	4087778702500	4087765835200
4087796935900	4087813709700	4087800630600
4087837225000	4087860343900	4087849275500
4087875530800	4087892947200	4087881868800
4087912155000	4087927421600	4087915992000
4087947644300	4087977133800	4087965574400
4087985613600	4088012421400	4088000159500
4088023188700	4088043927000	4088032133500
4088061309300	4088078037300	4088065666300
4088096822900	4088111751500	4088099159300
4088131929900	4088159133500	4088148560800
4088168678600	4088195599500	4088183665600
4088207904200	4088227299900	4088215240400
4088244537000	4088263334000	4088250017700
4088280995400	4088312753200	4088300235700
4088317344000	4088343676000	4088333356600
4088355361800	4088377844500	4088365454700
4088393142700	4088409787900	4088398843600


16666666
4087011389000	4087028906400	4087017115000
4087065114900	4087094938300	4087081814400
4087117727700	4087145064900	4087132394700
4087162235700	4087177319200	4087165009800
4087203750400	4087228035500	4087215103400
4087250150500	4087275705400	4087265012300
4087293337300	4087309551900	4087298704700
4087330313200	4087345673700	4087331966200
4087368178700	4087395095400	4087382551500
4087406801700	4087427962000	4087415812800
4087444093500	4087460357100	4087448806800
4087479438600	4087494450500	4087481897900
4087515578700	4087544194800	4087532138200
4087554605600	4087578603300	4087565555700
4087594828300	4087611438800	4087598640500
4087634527300	4087660165100	4087648472600
4087688387600	4087709483800	4087698471100
4087752272800	4087778702500	4087765835200
4087796935900	4087813709700	4087800630600
4087837225000	4087860343900	4087849275500
4087875530800	4087892947200	4087881868800
4087912155000	4087927421600	4087915992000
4087947644300	4087977133800	4087965574400
4087985613600	4088012421400	4088000159500
4088023188700	4088043927000	4088032133500
4088061309300	4088078037300	4088065666300
4088096822900	4088111751500	4088099159300
4088131929900	4088159133500	4088148560800
4088168678600	4088195599500	4088183665600
4088207904200	4088227299900	4088215240400
4088244537000	4088263334000	4088250017700
4088280995400	4088312753200	4088300235700
4088317344000	4088343676000	4088333356600
4088355361800	4088377844500	4088365454700
4088393142700	4088409787900	4088398843600
4088432744400	4088462070800	4088450056000
4088471426100	4088495429700	4088483341300
4088509340500	4088527187400	4088516633200
4088545539400	4088561680100	4088548636700
4088581059100	4088610459000	4088598472700
4088616505800	4088643824500	4088631867900
4088654850900	4088676773200	4088665905700
4088691989600	4088710047700	4088698224800
4088728878200	4088745986400	4088733704400
4088764898400	4088792721400	4088781843000
4088803374400	4088829312100	4088816943200
4088841239300	4088860452400	4088848509000
4088878902700	4088895437100	4088882368700
4088915122400	4088944210400	4088932240500
4088953578500	4088977111200	4088965003800
4088991474300	4089009142600	4088998347700
4089028894300	4089046159500	4089033528600
4089066971700	4089094064000	4089081961000
4089105197600	4089127499400	4089115096100
4089143486000	4089161469900	4089148493100
4089179302000	4089195739600	4089183123100
4089215164300	4089243594800	4089231826200
4089253117700	4089278622400	4089266402100
4089291415400	4089310228300	4089299720600
4089329134400	4089344091700	4089333161200
4089365003200	4089395391600	4089383159900
4089401634900	4089427087000	4089415292700
4089437777900	4089461871300	4089450352000
4089476467100	4089493082200	4089481481600


16666666
4088207904200	4088227299900	4088215240400
4088244537000	4088263334000	4088250017700
4088280995400	4088312753200	4088300235700
4088317344000	4088343676000	4088333356600
4088355361800	4088377844500	4088365454700
4088393142700	4088409787900	4088398843600
4088432744400	4088462070800	4088450056000
4088471426100	4088495429700	4088483341300
4088509340500	4088527187400	4088516633200
4088545539400	4088561680100	4088548636700
4088581059100	4088610459000	4088598472700
4088616505800	4088643824500	4088631867900
4088654850900	4088676773200	4088665905700
4088691989600	4088710047700	4088698224800
4088728878200	4088745986400	4088733704400
4088764898400	4088792721400	4088781843000
4088803374400	4088829312100	4088816943200
4088841239300	4088860452400	4088848509000
4088878902700	4088895437100	4088882368700
4088915122400	4088944210400	4088932240500
4088953578500	4088977111200	4088965003800
4088991474300	4089009142600	4088998347700
4089028894300	4089046159500	4089033528600
4089066971700	4089094064000	4089081961000
4089105197600	4089127499400	4089115096100
4089143486000	4089161469900	4089148493100
4089179302000	4089195739600	4089183123100
4089215164300	4089243594800	4089231826200
4089253117700	4089278622400	4089266402100
4089291415400	4089310228300	4089299720600
4089329134400	4089344091700	4089333161200
4089365003200	4089395391600	4089383159900
4089401634900	4089427087000	4089415292700
4089437777900	4089461871300	4089450352000
4089476467100	4089493082200	4089481481600
4089513932600	4089528396200	4089515426700
4089548728800	4089577268100	4089565496000
4089585362400	4089610086000	4089599696300
4089621727700	4089643260100	4089632297800
4089657288700	4089676753300	4089665938700
4089694883500	4089710628000	4089698647400
4089728765300	4089745058800	4089733816900
4089763994100	4089777594900	4089765021300
4089801220600	4089829031400	4089816615900
4089837427600	4089860354600	4089849073900
4089873982000	4089892918200	4089882100100
4089910541300	4089929573900	4089916793900
4089945469700	4089961706400	4089949397400
4089981023700	4090010894000	4089999126200
4090017676600	4090043667400	4090033519500
4090053789400	4090078560300	4090066873800
4090089550000	4090112118200	4090099988100
4090124997500	4090142527000	4090132106200
4090160205600	4090177971200	4090165445300
4090197001900	4090212455700	4090199758500
4090231724900	4090260585800	4090248532500
4090268465100	4090295930800	4090283353300
4090305732300	4090327226400	4090315451000
4090342351800	4090359880000	4090349280100
4090378292700	4090395706500	4090383791800
4090413524500	4090429280500	4090416818000
4090448663800	4090478782500	4090466853100
4090486374800	4090510960400	4090499067100
4090525251000	4090544970900	4090531996700


16666666
4089329134400	4089344091700	4089333161200
4089365003200	4089395391600	4089383159900
4089401634900	4089427087000	4089415292700
4089437777900	4089461871300	4089450352000
4089476467100	4089493082200	4089481481600
4089513932600	4089528396200	4089515426700
4089548728800	4089577268100	4089565496000
4089585362400	4089610086000	4089599696300
4089621727700	4089643260100	4089632297800
4089657288700	4089676753300	4089665938700
4089694883500	4089710628000	4089698647400
4089728765300	4089745058800	4089733816900
4089763994100	4089777594900	4089765021300
4089801220600	4089829031400	4089816615900
4089837427600	4089860354600	4089849073900
4089873982000	4089892918200	4089882100100
4089910541300	4089929573900	4089916793900
4089945469700	4089961706400	4089949397400
4089981023700	4090010894000	4089999126200
4090017676600	4090043667400	4090033519500
4090053789400	4090078560300	4090066873800
4090089550000	4090112118200	4090099988100
4090124997500	4090142527000	4090132106200
4090160205600	4090177971200	4090165445300
4090197001900	4090212455700	4090199758500
4090231724900	4090260585800	4090248532500
4090268465100	4090295930800	4090283353300
4090305732300	4090327226400	4090315451000
4090342351800	4090359880000	4090349280100
4090378292700	4090395706500	4090383791800
4090413524500	4090429280500	4090416818000
4090448663800	4090478782500	4090466853100
4090486374800	4090510960400	4090499067100
4090525251000	4090544970900	4090531996700
4090563686200	4090580946900	4090567295700
4090598697800	4090629192200	4090616411100
4090634369800	4090659541200	4090648607100
4090669729100	4090695064200	4090683318400
4090709295000	4090728439500	4090716620800
4090745116000	4090760029400	4090748605400
4090779586800	4090794905700	4090782529300
4090814226900	4090827905900	4090814906300
4090850270200	4090875814000	4090865181700
4090886402000	4090911371700	4090898515800
4090923483700	4090942477600	4090931921900
4090959031500	4090977606400	4090966734900
4090994950200	4091010623000	4090998470000
4091029337800	4091044569100	4091033381500
4091064874500	4091092919300	4091082135200
4091102249700	4091127775100	4091116945000
4091138501300	4091160683700	4091149922700
4091175111100	4091193623300	4091181724600
4091210408700	4091227262100	4091216523800
4091246239700	4091260812500	4091248998900
4091281088800	4091311808600	4091300100400
4091317598900	4091344053300	4091332497100
4091355719900	4091377093200	4091365351300
4091392930200	4091410208700	4091398705400
4091428722100	4091444463100	4091432184800
4091462604500	4091477991300	4091465956300
4091497154400	4091512482200	4091499731000
4091533822500	4091560475900	4091548473700
4091570777900	4091594192900	4091581962500
4091608734300	4091628578800	4091615842600


16666666
4090378292700	4090395706500	4090383791800
4090413524500	4090429280500	4090416818000
4090448663800	4090478782500	4090466853100
4090486374800	4090510960400	4090499067100
4090525251000	4090544970900	4090531996700
4090563686200	4090580946900	4090567295700
4090598697800	4090629192200	4090616411100
4090634369800	4090659541200	4090648607100
4090669729100	4090695064200	4090683318400
4090709295000	4090728439500	4090716620800
4090745116000	4090760029400	4090748605400
4090779586800	4090794905700	4090782529300
4090814226900	4090827905900	4090814906300
4090850270200	4090875814000	4090865181700
4090886402000	4090911371700	4090898515800
4090923483700	4090942477600	4090931921900
4090959031500	4090977606400	4090966734900
4090994950200	4091010623000	4090998470000
4091029337800	4091044569100	4091033381500
4091064874500	4091092919300	4091082135200
4091102249700	4091127775100	4091116945000
4091138501300	4091160683700	4091149922700
4091175111100	4091193623300	4091181724600
4091210408700	4091227262100	4091216523800
4091246239700	4091260812500	4091248998900
4091281088800	4091311808600	4091300100400
4091317598900	4091344053300	4091332497100
4091355719900	4091377093200	4091365351300
4091392930200	4091410208700	4091398705400
4091428722100	4091444463100	4091432184800
4091462604500	4091477991300	4091465956300
4091497154400	4091512482200	4091499731000
4091533822500	4091560475900	4091548473700
4091570777900	4091594192900	4091581962500
4091608734300	4091628578800	4091615842600
4091648011300	4091676692000	4091664784900
4091685367300	4091709403400	4091698447800
4091721132400	4091745138400	4091733266200
4091757666300	4091774966000	4091764873600
4091794458100	4091811363300	4091798675700
4091829786000	4091844292500	4091831952100
4091864874200	4091892896400	4091882205600
4091901448200	4091927495500	4091915420800
4091938555100	4091962743100	4091950229200
4091975788100	4091993984900	4091983368000
4092010528200	4092027293100	4092015172000
4092045695500	4092062291100	4092049926700
4092081445100	4092110051300	4092099874800
4092117439500	4092143770000	4092133302100
4092154019100	4092178812000	4092166562700
4092192952900	4092210428700	4092198144600
4092228963000	4092245739000	4092233170900
4092264896300	4092293979700	4092281905000
4092302592600	4092327390500	4092316359900
4092338347700	4092360630700	4092348637000
4092375076300	4092395369900	4092383295400
4092411247100	4092426994500	4092415621000
4092446343900	4092462480800	4092450062300
4092481464600	4092512109100	4092500041400
4092517368700	4092543851300	4092531925500
4092553793500	4092577965100	4092566595600
4092590856900	4092609470500	4092598370400
4092627796600	4092642906200	4092632038200
4092663309700	4092680623100	4092667236900


16666666
4091428722100	4091444463100	4091432184800
4091462604500	4091477991300	4091465956300
4091497154400	4091512482200	4091499731000
4091533822500	4091560475900	4091548473700
4091570777900	4091594192900	4091581962500
4091608734300	4091628578800	4091615842600
4091648011300	4091676692000	4091664784900
4091685367300	4091709403400	4091698447800
4091721132400	4091745138400	4091733266200
4091757666300	4091774966000	4091764873600
4091794458100	4091811363300	4091798675700
4091829786000	4091844292500	4091831952100
4091864874200	4091892896400	4091882205600
4091901448200	4091927495500	4091915420800
4091938555100	4091962743100	4091950229200
4091975788100	4091993984900	4091983368000
4092010528200	4092027293100	4092015172000
4092045695500	4092062291100	4092049926700
4092081445100	4092110051300	4092099874800
4092117439500	4092143770000	4092133302100
4092154019100	4092178812000	4092166562700
4092192952900	4092210428700	4092198144600
4092228963000	4092245739000	4092233170900
4092264896300	4092293979700	4092281905000
4092302592600	4092327390500	4092316359900
4092338347700	4092360630700	4092348637000
4092375076300	4092395369900	4092383295400
4092411247100	4092426994500	4092415621000
4092446343900	4092462480800	4092450062300
4092481464600	4092512109100	4092500041400
4092517368700	4092543851300	4092531925500
4092553793500	4092577965100	4092566595600
4092590856900	4092609470500	4092598370400
4092627796600	4092642906200	4092632038200
4092663309700	4092680623100	4092667236900
4092702320500	4092728270800	4092716306600
4092739037600	4092760292300	4092748912900
4092775049100	4092794951600	4092783391700
4092811621300	4092828959000	4092816646700
4092847813200	4092878258000	4092866630100
4092887039800	4092911907000	4092899600800
4092925175200	4092945397900	4092933436800
4092959945100	4092977414500	4092965455900
4092995247000	4093011143900	4092998707200
4093030355800	4093044495200	4093033093000
4093066749900	4093094725600	4093082975900
4093103879100	4093127976900	4093115461400
4093141718100	4093159673600	4093148977400
4093179159900	4093193924700	4093182554900
4093214540000	4093243827500	4093231635600
4093251653000	4093277019400	4093265349400
4093289496800	4093310544300	4093298302800
4093325947300	4093345052400	4093333371600
4093362547400	4093379215900	4093366647100
4093397777100	4093426895300	4093415291500
4093435176100	4093460500600	4093449742500
4093471690500	4093496654800	4093481714800
4093509064300	4093527270700	4093515637500
4093544462700	4093562068400	4093549913700
4093579587400	4093595434300	4093582191100
4093614757500	4093645003000	4093633018500
4093651716100	4093675518300	4093665256900
4093688560200	4093710872700	4093698533800
4093727036500	4093745350300	4093731926800


16666666
4092411247100	4092426994500	4092415621000
4092446343900	4092462480800	4092450062300
4092481464600	4092512109100	4092500041400
4092517368700	4092543851300	4092531925500
4092553793500	4092577965100	4092566595600
4092590856900	4092609470500	4092598370400
4092627796600	4092642906200	4092632038200
4092663309700	4092680623100	4092667236900
4092702320500	4092728270800	4092716306600
4092739037600	4092760292300	4092748912900
4092775049100	4092794951600	4092783391700
4092811621300	4092828959000	4092816646700
4092847813200	4092878258000	4092866630100
4092887039800	4092911907000	4092899600800
4092925175200	4092945397900	4092933436800
4092959945100	4092977414500	4092965455900
4092995247000	4093011143900	4092998707200
4093030355800	4093044495200	4093033093000
4093066749900	4093094725600	4093082975900
4093103879100	4093127976900	4093115461400
4093141718100	4093159673600	4093148977400
4093179159900	4093193924700	4093182554900
4093214540000	4093243827500	4093231635600
4093251653000	4093277019400	4093265349400
4093289496800	4093310544300	4093298302800
4093325947300	4093345052400	4093333371600
4093362547400	4093379215900	4093366647100
4093397777100	4093426895300	4093415291500
4093435176100	4093460500600	4093449742500
4093471690500	4093496654800	4093481714800
4093509064300	4093527270700	4093515637500
4093544462700	4093562068400	4093549913700
4093579587400	4093595434300	4093582191100
4093614757500	4093645003000	4093633018500
4093651716100	4093675518300	4093665256900
4093688560200	4093710872700	4093698533800
4093727036500	4093745350300	4093731926800
4093765399600	4093793694400	4093782439300
4093802281000	4093827530800	4093815717500
4093840055800	4093861979800	4093849849500
4093877324700	4093895724500	4093883251400
4093913438700	4093928073100	4093915488100
4093947411000	4093978049200	4093966436500
4093985113300	4094010097800	4093998546300
4094023118400	4094042267200	4094031840200
4094058938800	4094077311600	4094065812200
4094096625200	4094112984400	4094099867400
4094132615000	4094161276500	4094149094800
4094170585200	4094193891200	4094181891700
4094207096300	4094228081700	4094215458800
4094245487600	4094261618500	4094248817500
4094283661400	4094311252100	4094299680600
4094325512500	4094346562000	4094333467500
4094365496000	4094395222900	4094382473200
4094407530600	4094429151900	4094415178300
4094447779200	4094476138500	4094465148200
4094486872500	4094512891100	4094499779100
4094525630200	4094545482000	4094531939200
4094566386000	4094592772900	4094581692600
4094605372100	4094626175900	4094615171300
4094644638700	4094663744700	4094649835800
4094683868900	4094712679000	4094698849200
4094724014100	4094745025800	4094732100500
4094762102300	4094779155900	4094765060300

