16666666
4832589857900	4832609559600	4832598288600
4832622708500	4832646037700	4832632230200
4832650782000	4832679950100	4832665441200
4832677839400	4832695732500	4832681708400
4832705555600	4832730123200	4832716559000
4832731756700	4832762557800	4832749498700
4832757490300	4832778645100	4832765452700
4832786951000	4832813340000	4832799113000
4832813952200	4832826983500	4832815277800
4832840818800	4832861962900	4832848669700
4832867280500	4832897375700	4832882839400
4832892439400	4832911801300	4832898837600
4832925376400	4832946646700	4832932228800
4832952822700	4832981114000	4832965504200
4832979101100	4832996559200	4832982742000
4833010689700	4833031343900	4833015346200
4833038025400	4833064478800	4833048303300
4833066276400	4833097481200	4833082462600
4833093155700	4833112484400	4833098849800
4833125001200	4833147384800	4833131720500
4833150766300	4833180995700	4833165529800
4833178501400	4833196801200	4833182420100
4833209213400	4833228012900	4833214949600
4833237681200	4833263163900	4833248177400
4833265355500	4833297279400	4833282792700
4833289053400	4833310675200	4833298247000
4833323696900	4833343492400	4833332076600
4833349700100	4833379778400	4833365609900
4833374954400	4833395689100	4833382828300
4833406592300	4833427215700	4833415378500
4833432923800	4833464724500	4833448452700
4833458068500	4833478108700	4833464898000
4833491075100	4833512463600	4833498245700
4833517337000	4833546909500	4833532295800
4833543205800	4833562997900	4833549415600
4833573294200	4833593880700	4833582396500
4833599359500	4833628945100	4833615719600
4833626186900	4833643227800	4833632367000
4833657423700	4833677791900	4833664717900


16666666
4833626186900	4833643227800	4833632367000
4833657423700	4833677791900	4833664717900
4833685114900	4833711877500	4833698276000
4833712634800	4833726872300	4833715381900
4833739121500	4833763546300	4833749254600
4833765233100	4833796446900	4833782312800
4833791408900	4833811256100	4833799012900
4833821931400	4833846876100	4833832491600
4833849212000	4833879677700	4833865730500
4833875807300	4833895486100	4833882248200
4833905162200	4833929384500	4833915054300
4833930488200	4833945007100	4833932502700
4833956531300	4833978172800	4833964969700
4833981041600	4834013861600	4833999656300
4834005698100	4834030054300	4834015945600
4834039767200	4834062199400	4834048221900
4834067006300	4834097103800	4834082404900
4834093636800	4834110966700	4834098392800
4834123188200	4834142977600	4834131985200
4834149450700	4834179393400	4834165969700
4834173790400	4834193792500	4834182379300
4834206919400	4834230714500	4834214886700
4834232606700	4834262430400	4834248617200
4834260105200	4834278664000	4834266026200
4834286949700	4834315566700	4834299304100
4834316716100	4834347766400	4834333716200
4834342517100	4834362588400	4834349015400
4834375834300	4834395614800	4834382102500
4834405171500	4834429624200	4834415365300
4834432022400	4834464897500	4834449458900
4834459339000	4834481538700	4834465432600
4834492934700	4834512085500	4834499414500
4834518867600	4834546770600	4834532152900
4834547517000	4834579948500	4834564986900
4834577128800	4834594899100	4834583018200
4834605359600	4834628919200	4834615343000
4834631753600	4834663811500	4834648565900
4834657678800	4834678967600	4834665138400
4834689597800	4834713389400	4834699989200
4834716336000	4834746315000	4834731902400
4834747538100	4834778822800	4834765447100
4834774083200	4834795826000	4834782524500
4834808510900	4834829025200	4834815049400
4834834269600	4834864966700	4834849192500
4834861012100	4834878490800	4834865186100
4834893588500	4834912608200	4834898324900
4834918798900	4834949023000	4834933066500
4834945767800	4834963530100	4834949311000
4834977413900	4834993078300	4834982302900
4835006564300	4835031768500	4835014909100
4835033103700	4835064806700	4835048969000
4835061852400	4835080619200	4835065010600
4835092976500	4835112870800	4835099092400
4835123313300	4835146228700	4835131785600
4835151531300	4835180731100	4835166209700
4835181470900	4835213421700	4835199575300
4835207473500	4835229192400	4835215675700
4835240859900	4835263414400	4835249010300
4835268951600	4835296968200	4835281897200
4835297735300	4835329920100	4835315227400
4835323399600	4835345604200	4835332187000
4835357128900	4835378639900	4835365043100
4835384638200	4835414002500	4835399216600
4835410742200	4835429594700	4835416331400


16666666
4834689597800	4834713389400	4834699989200
4834716336000	4834746315000	4834731902400
4834747538100	4834778822800	4834765447100
4834774083200	4834795826000	4834782524500
4834808510900	4834829025200	4834815049400
4834834269600	4834864966700	4834849192500
4834861012100	4834878490800	4834865186100
4834893588500	4834912608200	4834898324900
4834918798900	4834949023000	4834933066500
4834945767800	4834963530100	4834949311000
4834977413900	4834993078300	4834982302900
4835006564300	4835031768500	4835014909100
4835033103700	4835064806700	4835048969000
4835061852400	4835080619200	4835065010600
4835092976500	4835112870800	4835099092400
4835123313300	4835146228700	4835131785600
4835151531300	4835180731100	4835166209700
4835181470900	4835213421700	4835199575300
4835207473500	4835229192400	4835215675700
4835240859900	4835263414400	4835249010300
4835268951600	4835296968200	4835281897200
4835297735300	4835329920100	4835315227400
4835323399600	4835345604200	4835332187000
4835357128900	4835378639900	4835365043100
4835384638200	4835414002500	4835399216600
4835410742200	4835429594700	4835416331400
4835441579900	4835462087400	4835449124300
4835467481200	4835496927300	4835481715500
4835493399800	4835510691400	4835498182600
4835523485400	4835545045700	4835531501100
4835549901100	4835581384300	4835565934800
4835575665000	4835595201000	4835581605400
4835606917300	4835628715200	4835614924000
4835634033300	4835664057900	4835649914500
4835659463800	4835677804100	4835665455200
4835690786500	4835710735100	4835698160900
4835716815800	4835746297100	4835732856400
4835742796500	4835763732700	4835749740900
4835771468400	4835793294200	4835781449900
4835798553400	4835829138200	4835815459200
4835822897800	4835843800900	4835832447500
4835855278800	4835881470800	4835865948800
4835882203300	4835913819800	4835898698200
4835907544400	4835930208100	4835915022000
4835938175400	4835965421800	4835949348100
4835966357300	4835996737000	4835982496400
4835991664800	4836012415400	4835999362100
4836025091700	4836045507300	4836031628600
4836052440300	4836081715600	4836065875000
4836080103200	4836093997500	4836081991100
4836109185000	4836126601200	4836115365900
4836134960600	4836163870100	4836149525900
4836161051800	4836180153300	4836165939100
4836188041800	4836214233900	4836199204600
4836215410700	4836246244900	4836232041500
4836240723500	4836260998500	4836248900300
4836272175600	4836295826000	4836282257700
4836298132600	4836329468500	4836316087100
4836322897600	4836342869000	4836331811200
4836355159900	4836381569400	4836365918600
4836381665400	4836413386400	4836398534200
4836406727600	4836430165700	4836415871300
4836438188300	4836463784000	4836449191100
4836465888700	4836497580700	4836482467200


16666666
4835771468400	4835793294200	4835781449900
4835798553400	4835829138200	4835815459200
4835822897800	4835843800900	4835832447500
4835855278800	4835881470800	4835865948800
4835882203300	4835913819800	4835898698200
4835907544400	4835930208100	4835915022000
4835938175400	4835965421800	4835949348100
4835966357300	4835996737000	4835982496400
4835991664800	4836012415400	4835999362100
4836025091700	4836045507300	4836031628600
4836052440300	4836081715600	4836065875000
4836080103200	4836093997500	4836081991100
4836109185000	4836126601200	4836115365900
4836134960600	4836163870100	4836149525900
4836161051800	4836180153300	4836165939100
4836188041800	4836214233900	4836199204600
4836215410700	4836246244900	4836232041500
4836240723500	4836260998500	4836248900300
4836272175600	4836295826000	4836282257700
4836298132600	4836329468500	4836316087100
4836322897600	4836342869000	4836331811200
4836355159900	4836381569400	4836365918600
4836381665400	4836413386400	4836398534200
4836406727600	4836430165700	4836415871300
4836438188300	4836463784000	4836449191100
4836465888700	4836497580700	4836482467200
4836491207100	4836511898100	4836498893300
4836525718300	4836547664600	4836532608900
4836549714900	4836580788000	4836565924700
4836575604900	4836596424900	4836582503000
4836606663900	4836625925300	4836614813000
4836633026000	4836662699900	4836648530700
4836659217400	4836680054300	4836666299300
4836688764100	4836714996500	4836698458600
4836715757800	4836746751500	4836731988700
4836741423600	4836762179100	4836749141000
4836774080800	4836795360100	4836781865100
4836800710400	4836829913900	4836815996900
4836827293600	4836845044600	4836832216900
4836854541200	4836880959700	4836865967300
4836881985100	4836912817400	4836898478700
4836908048800	4836927994900	4836916215200
4836938040500	4836964966200	4836949640100
4836965333000	4836995607400	4836981832300
4836993038100	4837012081700	4836998822800
4837022065400	4837046187100	4837031544300
4837048404000	4837079708200	4837065885500
4837074123700	4837097339100	4837082717200
4837107719300	4837131386900	4837116230100
4837136590400	4837163872500	4837149581700
4837164899300	4837197362200	4837182473600
4837189679000	4837212670900	4837198254600
4837224623300	4837245268100	4837232279800
4837250869200	4837282055200	4837265957500
4837282797600	4837312875800	4837298949700
4837313506400	4837329666600	4837315781400
4837339049800	4837363017300	4837348151500
4837365829900	4837397271200	4837382170000
4837392806500	4837411567100	4837398403500
4837425335000	4837447030800	4837432889800
4837453201200	4837482278400	4837465906700
4837482968100	4837513778500	4837499033400
4837514995000	4837547595100	4837533164000


16666666
4836774080800	4836795360100	4836781865100
4836800710400	4836829913900	4836815996900
4836827293600	4836845044600	4836832216900
4836854541200	4836880959700	4836865967300
4836881985100	4836912817400	4836898478700
4836908048800	4836927994900	4836916215200
4836938040500	4836964966200	4836949640100
4836965333000	4836995607400	4836981832300
4836993038100	4837012081700	4836998822800
4837022065400	4837046187100	4837031544300
4837048404000	4837079708200	4837065885500
4837074123700	4837097339100	4837082717200
4837107719300	4837131386900	4837116230100
4837136590400	4837163872500	4837149581700
4837164899300	4837197362200	4837182473600
4837189679000	4837212670900	4837198254600
4837224623300	4837245268100	4837232279800
4837250869200	4837282055200	4837265957500
4837282797600	4837312875800	4837298949700
4837313506400	4837329666600	4837315781400
4837339049800	4837363017300	4837348151500
4837365829900	4837397271200	4837382170000
4837392806500	4837411567100	4837398403500
4837425335000	4837447030800	4837432889800
4837453201200	4837482278400	4837465906700
4837482968100	4837513778500	4837499033400
4837514995000	4837547595100	4837533164000
4837539374900	4837562719200	4837548866100
4837576581300	4837596396100	4837582080800
4837604758700	4837630043500	4837615420900
4837631370400	4837663131100	4837649316400
4837656427200	4837678231600	4837665965000
4837691499800	4837710842800	4837698370700
4837718645000	4837747405100	4837732312900
4837745665700	4837761540800	4837750146900
4837774957700	4837795717100	4837782119600
4837801091600	4837830265000	4837815259800
4837827688900	4837846261000	4837832323300
4837854800900	4837882678200	4837865924800
4837883079000	4837913002700	4837899167400
4837909449100	4837929231000	4837915438000
4837939595400	4837964174700	4837948936900
4837966106600	4837995293300	4837982124500
4837993419700	4838012022300	4837998499200
4838022194800	4838045935800	4838032006100
4838051358900	4838080294900	4838065306500
4838080871200	4838112210600	4838098137000
4838115824600	4838142849000	4838131948100
4838154204100	4838179240200	4838165073300
4838192022600	4838211361200	4838199881400
4838225700200	4838243502300	4838232290600
4838253487600	4838281648000	4838266106300
4838282204200	4838312910200	4838299169400
4838308112200	4838328633200	4838315202800
4838338121700	4838361917100	4838349499900
4838364242500	4838395562900	4838382478500
4838388048100	4838411454900	4838399001700
4838420999400	4838443319300	4838431625700
4838448696800	4838479370600	4838466018400
4838474348000	4838496125500	4838482391700
4838506276900	4838529890100	4838516251500
4838535399600	4838564774000	4838549182800
4838560385900	4838576773800	4838565084700
4838593097700	4838613129600	4838598805300


16666666
4837854800900	4837882678200	4837865924800
4837883079000	4837913002700	4837899167400
4837909449100	4837929231000	4837915438000
4837939595400	4837964174700	4837948936900
4837966106600	4837995293300	4837982124500
4837993419700	4838012022300	4837998499200
4838022194800	4838045935800	4838032006100
4838051358900	4838080294900	4838065306500
4838080871200	4838112210600	4838098137000
4838115824600	4838142849000	4838131948100
4838154204100	4838179240200	4838165073300
4838192022600	4838211361200	4838199881400
4838225700200	4838243502300	4838232290600
4838253487600	4838281648000	4838266106300
4838282204200	4838312910200	4838299169400
4838308112200	4838328633200	4838315202800
4838338121700	4838361917100	4838349499900
4838364242500	4838395562900	4838382478500
4838388048100	4838411454900	4838399001700
4838420999400	4838443319300	4838431625700
4838448696800	4838479370600	4838466018400
4838474348000	4838496125500	4838482391700
4838506276900	4838529890100	4838516251500
4838535399600	4838564774000	4838549182800
4838560385900	4838576773800	4838565084700
4838593097700	4838613129600	4838598805300
4838622320600	4838643920200	4838631714000
4838652700900	4838680415300	4838665474600
4838681041600	4838713094400	4838699115400
4838707638100	4838728922000	4838715123700
4838740740500	4838764167600	4838748844700
4838766982400	4838796571100	4838782470000
4838792583800	4838812692900	4838799227800
4838824020400	4838846804500	4838832289200
4838850919500	4838880999600	4838865536300
4838876882500	4838896951000	4838882325100
4838906203900	4838927036000	4838915498500
4838932694200	4838963131800	4838949217800
4838957582900	4838977876200	4838965736400
4838987121100	4839014879900	4838999451100
4839015567900	4839047526900	4839032434300
4839043271700	4839062085200	4839048905400
4839074032500	4839095495000	4839082069900
4839101582700	4839128501500	4839115263800
4839130743600	4839164707000	4839148682200
4839156950100	4839178164300	4839165047400
4839192890700	4839210671000	4839198757800
4839219793400	4839247907300	4839232809400
4839245127800	4839261659700	4839248704600
4839274520200	4839296543400	4839282306700
4839301604000	4839331449500	4839315646900
4839328512100	4839346571300	4839331810800
4839358121900	4839379932400	4839365925900
4839385310900	4839414873200	4839398986400
4839415827600	4839446212400	4839432003800
4839442404700	4839462675400	4839449215400
4839473754900	4839494902000	4839481606200
4839501456900	4839532889900	4839515628900
4839530360300	4839546406100	4839533134000
4839562417900	4839576865900	4839565573300
4839590712000	4839613295900	4839599725900
4839618431900	4839648871000	4839633058700
4839645830700	4839666683900	4839649383300
4839679325100	4839693456400	4839682116800


16666666
4838957582900	4838977876200	4838965736400
4838987121100	4839014879900	4838999451100
4839015567900	4839047526900	4839032434300
4839043271700	4839062085200	4839048905400
4839074032500	4839095495000	4839082069900
4839101582700	4839128501500	4839115263800
4839130743600	4839164707000	4839148682200
4839156950100	4839178164300	4839165047400
4839192890700	4839210671000	4839198757800
4839219793400	4839247907300	4839232809400
4839245127800	4839261659700	4839248704600
4839274520200	4839296543400	4839282306700
4839301604000	4839331449500	4839315646900
4839328512100	4839346571300	4839331810800
4839358121900	4839379932400	4839365925900
4839385310900	4839414873200	4839398986400
4839415827600	4839446212400	4839432003800
4839442404700	4839462675400	4839449215400
4839473754900	4839494902000	4839481606200
4839501456900	4839532889900	4839515628900
4839530360300	4839546406100	4839533134000
4839562417900	4839576865900	4839565573300
4839590712000	4839613295900	4839599725900
4839618431900	4839648871000	4839633058700
4839645830700	4839666683900	4839649383300
4839679325100	4839693456400	4839682116800
4839707663400	4839731133200	4839715576000
4839732580600	4839761926800	4839748679200
4839758936000	4839776749100	4839765720400
4839788907700	4839812773500	4839798572300
4839815499600	4839845569500	4839831693100
4839839237800	4839862438100	4839849550100
4839871321000	4839896317800	4839882116200
4839898992500	4839929826300	4839915767000
4839924031200	4839947152400	4839933891400
4839958504800	4839978369900	4839965249800
4839985292100	4840014463200	4839999318300
4840011566000	4840029520200	4840015712800
4840040118200	4840063587200	4840048710600
4840065813900	4840096145400	4840082454600
4840091564500	4840112322300	4840099300800
4840121624000	4840149539000	4840132772700
4840150632100	4840179555000	4840165657100
4840175626000	4840193488500	4840182540300
4840207873000	4840228894800	4840215480700
4840233507000	4840261743400	4840248574200
4840258094100	4840277494000	4840266099200
4840287446400	4840313776700	4840298568700
4840314420900	4840346042000	4840332632500
4840336990100	4840359697900	4840348511600
4840371976900	4840395775600	4840381751400
4840397967000	4840429164600	4840415601600
4840422871700	4840445766600	4840432546600
4840454852100	4840480061000	4840465656000
4840481219100	4840512553600	4840498866200
4840505360400	4840530383600	4840516108900
4840539897300	4840563180400	4840549082600
4840565814600	4840596126600	4840582226200
4840591210100	4840611032400	4840598702700
4840621096400	4840647778200	4840633104300
4840648850400	4840679443100	4840665796600
4840674844100	4840695522500	4840682051000
4840705686500	4840732548900	4840715576000
4840733182500	4840763230200	4840748899900


16666666
4840065813900	4840096145400	4840082454600
4840091564500	4840112322300	4840099300800
4840121624000	4840149539000	4840132772700
4840150632100	4840179555000	4840165657100
4840175626000	4840193488500	4840182540300
4840207873000	4840228894800	4840215480700
4840233507000	4840261743400	4840248574200
4840258094100	4840277494000	4840266099200
4840287446400	4840313776700	4840298568700
4840314420900	4840346042000	4840332632500
4840336990100	4840359697900	4840348511600
4840371976900	4840395775600	4840381751400
4840397967000	4840429164600	4840415601600
4840422871700	4840445766600	4840432546600
4840454852100	4840480061000	4840465656000
4840481219100	4840512553600	4840498866200
4840505360400	4840530383600	4840516108900
4840539897300	4840563180400	4840549082600
4840565814600	4840596126600	4840582226200
4840591210100	4840611032400	4840598702700
4840621096400	4840647778200	4840633104300
4840648850400	4840679443100	4840665796600
4840674844100	4840695522500	4840682051000
4840705686500	4840732548900	4840715576000
4840733182500	4840763230200	4840748899900
4840758858200	4840780152800	4840765619400
4840792489000	4840811142200	4840798811900
4840817640800	4840846829400	4840831974400
4840842730900	4840861641600	4840849072800
4840872015700	4840898927700	4840883061700
4840899771000	4840929180400	4840915005500
4840926978600	4840945910200	4840932594600
4840956742000	4840978901500	4840965447700
4840983570800	4841013192600	4840999446700
4841009401300	4841028294000	4841016203400
4841041689000	4841061883600	4841049194800
4841067445200	4841096692900	4841082155500
4841094455100	4841109890500	4841099039400
4841122778100	4841145729700	4841132019900
4841148690400	4841178750100	4841165473100
4841175208300	4841195063700	4841182712800
4841203721200	4841228535700	4841215494200
4841230117800	4841246427700	4841232974000
4841254181100	4841281306800	4841265984000
4841282085400	4841312570600	4841299188800
4841306320600	4841328717800	4841315080800
4841336988300	4841364784200	4841349583200
4841365447400	4841396642100	4841382179800
4841391251800	4841414184000	4841399136700
4841422936100	4841444449400	4841431766900
4841449315000	4841478025900	4841465453000
4841474652600	4841494590300	4841482608100
4841504040200	4841529411300	4841515708400
4841531486600	4841562578600	4841549516400
4841556440900	4841578285200	4841565402400
4841589828000	4841613905200	4841599086600
4841615026700	4841646208900	4841633726500
4841636635100	4841661793600	4841649055500
4841672483500	4841695817600	4841682459400
4841697980400	4841729320200	4841716061300
4841722567000	4841742657100	4841731831900
4841757268900	4841780201900	4841765395900
4841782086200	4841812513900	4841799234800
4841808518900	4841830466800	4841816547000


16666666
4841148690400	4841178750100	4841165473100
4841175208300	4841195063700	4841182712800
4841203721200	4841228535700	4841215494200
4841230117800	4841246427700	4841232974000
4841254181100	4841281306800	4841265984000
4841282085400	4841312570600	4841299188800
4841306320600	4841328717800	4841315080800
4841336988300	4841364784200	4841349583200
4841365447400	4841396642100	4841382179800
4841391251800	4841414184000	4841399136700
4841422936100	4841444449400	4841431766900
4841449315000	4841478025900	4841465453000
4841474652600	4841494590300	4841482608100
4841504040200	4841529411300	4841515708400
4841531486600	4841562578600	4841549516400
4841556440900	4841578285200	4841565402400
4841589828000	4841613905200	4841599086600
4841615026700	4841646208900	4841633726500
4841636635100	4841661793600	4841649055500
4841672483500	4841695817600	4841682459400
4841697980400	4841729320200	4841716061300
4841722567000	4841742657100	4841731831900
4841757268900	4841780201900	4841765395900
4841782086200	4841812513900	4841799234800
4841808518900	4841830466800	4841816547000
4841837198100	4841863450500	4841849589300
4841864074200	4841881024400	4841865760200
4841889278300	4841913220800	4841898624100
4841915106300	4841946255000	4841932615700
4841937552700	4841961894000	4841948638100
4841973028500	4841997895400	4841982454400
4841999378300	4842028845700	4842015330200
4842024951800	4842046686100	4842032163100
4842053895000	4842081135800	4842065698200
4842081496600	4842112115900	4842099094800
4842105473300	4842128716800	4842115921100
4842140019200	4842162371400	4842148194800
4842164733200	4842195613100	4842181664400
4842189838700	4842211865900	4842198913200
4842221088300	4842246895300	4842232324600
4842247546600	4842279685000	4842265761000
4842272921300	4842297527600	4842282820900
4842304758700	4842326947700	4842315075700
4842331197100	4842362058000	4842348831500
4842356875200	4842378341700	4842365954000
4842387593700	4842410670400	4842398789000
4842413181500	4842429326400	4842416064300
4842436819000	4842463068000	4842449400100
4842463861900	4842478913600	4842465799700
4842489040700	4842514958300	4842498948800
4842515773800	4842546064500	4842532489700
4842540668700	4842561058800	4842549815700
4842571333700	4842595010500	4842581718400
4842597515600	4842628909800	4842615722400
4842620685800	4842643853500	4842632781900
4842655538600	4842680830500	4842666070600
4842681911800	4842712025400	4842699022900
4842706704400	4842728478300	4842715909800
4842738681300	4842762836200	4842748568400
4842765253700	4842796506000	4842782168300
4842791126500	4842813916600	4842798675000
4842822411800	4842847048000	4842832382400
4842849534200	4842880119000	4842865676400
4842874423900	4842896670500	4842882661000


16666666
4842164733200	4842195613100	4842181664400
4842189838700	4842211865900	4842198913200
4842221088300	4842246895300	4842232324600
4842247546600	4842279685000	4842265761000
4842272921300	4842297527600	4842282820900
4842304758700	4842326947700	4842315075700
4842331197100	4842362058000	4842348831500
4842356875200	4842378341700	4842365954000
4842387593700	4842410670400	4842398789000
4842413181500	4842429326400	4842416064300
4842436819000	4842463068000	4842449400100
4842463861900	4842478913600	4842465799700
4842489040700	4842514958300	4842498948800
4842515773800	4842546064500	4842532489700
4842540668700	4842561058800	4842549815700
4842571333700	4842595010500	4842581718400
4842597515600	4842628909800	4842615722400
4842620685800	4842643853500	4842632781900
4842655538600	4842680830500	4842666070600
4842681911800	4842712025400	4842699022900
4842706704400	4842728478300	4842715909800
4842738681300	4842762836200	4842748568400
4842765253700	4842796506000	4842782168300
4842791126500	4842813916600	4842798675000
4842822411800	4842847048000	4842832382400
4842849534200	4842880119000	4842865676400
4842874423900	4842896670500	4842882661000
4842909095500	4842929795300	4842915601600
4842935388600	4842963013400	4842948913600
4842961400400	4842977447900	4842965938400
4842988355100	4843014620900	4842998608300
4843016864400	4843046618000	4843031892400
4843047613000	4843080252300	4843065725100
4843074256400	4843094990500	4843081994600
4843108622600	4843129460400	4843115293300
4843133773800	4843167492200	4843149451300
4843165344500	4843199281000	4843182732900
4843200697100	4843231241100	4843215398400
4843232542200	4843264215600	4843248302200
4843260018600	4843278534500	4843265404400
4843290203800	4843310075800	4843298376000
4843317190300	4843347514700	4843331637200
4843344802100	4843363245900	4843349191600
4843376482000	4843396641200	4843382420600
4843405326100	4843432030700	4843415012700
4843432871100	4843465095200	4843449632600
4843462320500	4843479955500	4843465462600
4843492825700	4843509859700	4843498508800
4843522129700	4843549840400	4843532469400
4843551182600	4843578824800	4843566022800
4843579806400	4843596219100	4843582957800
4843605094500	4843628603700	4843615864400
4843631678000	4843663534000	4843649040600
4843657457500	4843680993400	4843666071500
4843689389400	4843713617600	4843698640300
4843715907900	4843745662900	4843732387300
4843741993600	4843761050300	4843749498900
4843773058800	4843794420900	4843781934500
4843800145600	4843831432200	4843816468200
4843826636400	4843846085400	4843831687000
4843857631600	4843880144900	4843865393400
4843885323700	4843914896800	4843898714700
4843912013000	4843928421200	4843915199300
4843944302300	4843963436000	4843948865400


16666666
4843133773800	4843167492200	4843149451300
4843165344500	4843199281000	4843182732900
4843200697100	4843231241100	4843215398400
4843232542200	4843264215600	4843248302200
4843260018600	4843278534500	4843265404400
4843290203800	4843310075800	4843298376000
4843317190300	4843347514700	4843331637200
4843344802100	4843363245900	4843349191600
4843376482000	4843396641200	4843382420600
4843405326100	4843432030700	4843415012700
4843432871100	4843465095200	4843449632600
4843462320500	4843479955500	4843465462600
4843492825700	4843509859700	4843498508800
4843522129700	4843549840400	4843532469400
4843551182600	4843578824800	4843566022800
4843579806400	4843596219100	4843582957800
4843605094500	4843628603700	4843615864400
4843631678000	4843663534000	4843649040600
4843657457500	4843680993400	4843666071500
4843689389400	4843713617600	4843698640300
4843715907900	4843745662900	4843732387300
4843741993600	4843761050300	4843749498900
4843773058800	4843794420900	4843781934500
4843800145600	4843831432200	4843816468200
4843826636400	4843846085400	4843831687000
4843857631600	4843880144900	4843865393400
4843885323700	4843914896800	4843898714700
4843912013000	4843928421200	4843915199300
4843944302300	4843963436000	4843948865400
4843974911900	4843997485000	4843983342700
4844007026300	4844029965000	4844015349400
4844036620100	4844066188200	4844048307500
4844067199400	4844101270400	4844082863200
4844102031700	4844129388600	4844116071000
4844131243700	4844162564900	4844148779200
4844157638500	4844178765300	4844165599600
4844189353500	4844213469000	4844199247400
4844216439800	4844245797800	4844231896100
4844239903600	4844263122700	4844249586000
4844272341300	4844293792200	4844281976600
4844299558300	4844330126200	4844315265800
4844325262700	4844347667700	4844332777000
4844357248300	4844379417700	4844365263100
4844385238400	4844415438200	4844399633300
4844412662100	4844428616700	4844415892900
4844442211900	4844462787500	4844448670200
4844468036100	4844496341400	4844482374600
4844493262900	4844511471300	4844498853800
4844522723300	4844548181700	4844532188100
4844552596400	4844581009900	4844565623300
4844581673900	4844610944300	4844599372400
4844606716300	4844628725600	4844616390600
4844637403900	4844666769700	4844648853600
4844669351200	4844701456600	4844682698400
4844703675500	4844734185800	4844715702000
4844736132000	4844767761200	4844749221400
4844768958000	4844803932800	4844782832400
4844804434500	4844832109800	4844815675000
4844834902500	4844864522600	4844848456200
4844865146500	4844898703600	4844882189400
4844893658100	4844913987100	4844899027900
4844928433000	4844946475200	4844932402600
4844957411900	4844980118500	4844965328500
4844984549800	4845014671100	4844999407100


16666666
4844189353500	4844213469000	4844199247400
4844216439800	4844245797800	4844231896100
4844239903600	4844263122700	4844249586000
4844272341300	4844293792200	4844281976600
4844299558300	4844330126200	4844315265800
4844325262700	4844347667700	4844332777000
4844357248300	4844379417700	4844365263100
4844385238400	4844415438200	4844399633300
4844412662100	4844428616700	4844415892900
4844442211900	4844462787500	4844448670200
4844468036100	4844496341400	4844482374600
4844493262900	4844511471300	4844498853800
4844522723300	4844548181700	4844532188100
4844552596400	4844581009900	4844565623300
4844581673900	4844610944300	4844599372400
4844606716300	4844628725600	4844616390600
4844637403900	4844666769700	4844648853600
4844669351200	4844701456600	4844682698400
4844703675500	4844734185800	4844715702000
4844736132000	4844767761200	4844749221400
4844768958000	4844803932800	4844782832400
4844804434500	4844832109800	4844815675000
4844834902500	4844864522600	4844848456200
4844865146500	4844898703600	4844882189400
4844893658100	4844913987100	4844899027900
4844928433000	4844946475200	4844932402600
4844957411900	4844980118500	4844965328500
4844984549800	4845014671100	4844999407100
4845017242400	4845049368700	4845032435100
4845049970400	4845080762000	4845066030400
4845075858700	4845095872900	4845081870800
4845108041600	4845129198900	4845115111000
4845134682900	4845165385600	4845150085500
4845162831100	4845177981500	4845165744600
4845194540800	4845210917600	4845199228100
4845221100100	4845246683200	4845232549000
4845248986000	4845281574500	4845265169800
4845276648800	4845297619100	4845281960100
4845309690400	4845330569000	4845315316200
4845339918500	4845362344400	4845348639200
4845367599700	4845398324700	4845382069800
4845399243600	4845432548400	4845415622400
4845429940200	4845449740900	4845433116000
4845461243500	4845479040900	4845465669100
4845486735700	4845514793800	4845498824400
4845515878300	4845547307700	4845533031800
4845541901300	4845563336000	4845548482200
4845573501000	4845596950300	4845582214800
4845601632700	4845630239200	4845615553500
4845631992700	4845665580900	4845648801500
4845658811900	4845679884400	4845665825800
4845693508600	4845710548600	4845698753600
4845720548200	4845748052800	4845732450700
4845748802700	4845781313900	4845765353900
4845778649200	4845794770200	4845781626000
4845813661600	4845831019300	4845815303600
4845840672000	4845865253200	4845849003100
4845870414900	4845895956600	4845882392800
4845898708100	4845930435200	4845915308800
4845927127700	4845945204100	4845932630300
4845957352400	4845980752000	4845965721700
4845985958300	4846013401600	4845999329400
4846015742600	4846049777200	4846032556800
4846041842000	4846069554300	4846050313600

