16666666
4289477244600	4289495996700	4289482748800
4289511195000	4289529145100	4289516256900
4289546785000	4289562582900	4289549195400
4289582029000	4289608984000	4289598342800
4289617814000	4289644939700	4289632133100
4289653660100	4289675865300	4289665014800
4289690459100	4289710891600	4289698165100
4289727834300	4289746084800	4289732482900
4289763383100	4289779017100	4289767575700
4289798208500	4289825646700	4289815011800
4289833996800	4289861367900	4289848989800
4289869946200	4289894080000	4289881484200
4289906519500	4289928057200	4289915547300
4289943156200	4289961837300	4289948733600
4289978518400	4289994505100	4289981847200
4290014793900	4290043650600	4290032965600
4290052395700	4290077596000	4290065298800
4290088700400	4290110652300	4290098489000
4290124526400	4290144984400	4290132248900
4290160895700	4290177575900	4290165208300
4290195776800	4290212478700	4290199575900
4290230691000	4290242411900	4290231529200
4290267127000	4290294889500	4290281545100
4290305350200	4290327776900	4290315095000
4290342416200	4290361609100	4290348897100
4290378960700	4290395609400	4290382393500
4290414011900	4290428505900	4290415002400
4290450502100	4290479154200	4290465654200
4290490378800	4290512175800	4290498983700


16666666
4290567029900	4290595473300	4290582214500
4290604563500	4290626911400	4290615352100
4290641024400	4290660051500	4290648675900
4290678141800	4290693574700	4290682134600
4290715887100	4290748425000	4290732004700
4290755288100	4290776575500	4290765735000
4290793003300	4290810633100	4290798524200
4290828695100	4290844718900	4290832436800
4290865444900	4290894505000	4290882666900
4290901567200	4290926798700	4290915862200
4290936813900	4290960902900	4290948784500
4290970952800	4290993347900	4290981552300
4291007706900	4291029057400	4291015715100
4291044127200	4291061628100	4291049203500
4291079423600	4291095641600	4291082107900
4291114443900	4291142782600	4291131852300
4291151284200	4291177599800	4291164891800
4291188395100	4291212266600	4291198759100
4291225012100	4291244789200	4291232098200
4291261257900	4291277886800	4291265268800
4291297576500	4291327862700	4291315600100
4291333983000	4291360817900	4291348342900
4291369847400	4291392811100	4291381660700
4291407362500	4291428455800	4291415341700
4291443972500	4291461394400	4291448812400
4291478408400	4291494543300	4291482038300
4291514393300	4291545355900	4291531929300
4291550434500	4291577458700	4291565216800
4291586883000	4291611831200	4291598804700
4291622235300	4291646035000	4291633004900
4291658406800	4291677431900	4291665015400
4291694403300	4291712996100	4291699354500
4291730238400	4291745979300	4291732206700
4291764894900	4291793145400	4291782410400
4291802219500	4291826097900	4291815256600
4291839501000	4291861734800	4291849250700
4291877306800	4291894270400	4291882835400
4291913042000	4291927656000	4291915325900
4291947270900	4291961647200	4291948277200
4291983274300	4292010776200	4291998632900
4292018968400	4292045045200	4292032797700
4292055428500	4292077564000	4292065218400
4292090713100	4292111281500	4292098487700
4292127414600	4292143737000	4292132175700
4292163100100	4292179738500	4292166428200
4292199766100	4292228375000	4292215897100
4292236925400	4292261173500	4292248800500
4292273578800	4292294407400	4292282026000
4292311438800	4292327019700	4292315552200
4292346919800	4292363634900	4292350739700
4292382060200	4292411605700	4292398995800
4292416690700	4292442937600	4292432459000
4292452656200	4292477544200	4292465570000
4292489159800	4292512309200	4292498940500
4292526529300	4292545562700	4292532933000
4292562170400	4292579463100	4292565613700
4292598593000	4292625690600	4292614932600
4292634164300	4292661521900	4292649063800
4292670711100	4292692751900	4292681710700


16666666
4291658406800	4291677431900	4291665015400
4291694403300	4291712996100	4291699354500
4291730238400	4291745979300	4291732206700
4291764894900	4291793145400	4291782410400
4291802219500	4291826097900	4291815256600
4291839501000	4291861734800	4291849250700
4291877306800	4291894270400	4291882835400
4291913042000	4291927656000	4291915325900
4291947270900	4291961647200	4291948277200
4291983274300	4292010776200	4291998632900
4292018968400	4292045045200	4292032797700
4292055428500	4292077564000	4292065218400
4292090713100	4292111281500	4292098487700
4292127414600	4292143737000	4292132175700
4292163100100	4292179738500	4292166428200
4292199766100	4292228375000	4292215897100
4292236925400	4292261173500	4292248800500
4292273578800	4292294407400	4292282026000
4292311438800	4292327019700	4292315552200
4292346919800	4292363634900	4292350739700
4292382060200	4292411605700	4292398995800
4292416690700	4292442937600	4292432459000
4292452656200	4292477544200	4292465570000
4292489159800	4292512309200	4292498940500
4292526529300	4292545562700	4292532933000
4292562170400	4292579463100	4292565613700
4292598593000	4292625690600	4292614932600
4292634164300	4292661521900	4292649063800
4292670711100	4292692751900	4292681710700
4292707106900	4292728631000	4292715927600
4292742944200	4292761992900	4292748833900
4292778813000	4292797318000	4292782411800
4292816910700	4292844873100	4292832260700
4292853860100	4292878504900	4292865871500
4292894138100	4292910651000	4292899216700
4292929903000	4292945242500	4292931880400
4292965448700	4292994938200	4292983321300
4293001237600	4293026507600	4293015074300
4293037627700	4293059940000	4293048947200
4293073573300	4293095542700	4293082659500
4293109485200	4293128209600	4293115625100
4293145217700	4293160509500	4293149435600
4293180449900	4293195045200	4293182353800
4293215544300	4293244474900	4293232084100
4293250481800	4293277622200	4293265721400
4293284930800	4293311292000	4293299157600
4293319949300	4293345042700	4293333641100
4293355875300	4293376570400	4293365712000
4293391472200	4293411039700	4293398658900
4293426464700	4293444404500	4293432360500
4293461840600	4293478210500	4293465576400
4293495905900	4293512346400	4293498840200
4293530406300	4293544998700	4293532206600
4293564926900	4293593741800	4293581636400
4293599643400	4293629157400	4293615197300
4293635259000	4293660879800	4293648527000
4293671953700	4293694335500	4293681761600
4293710655700	4293728936700	4293716096800
4293747173500	4293762129300	4293750711200
4293782120300	4293809633500	4293798555600
4293817730600	4293844158400	4293831977400
4293851805600	4293877749900	4293865370700
4293887318600	4293910705200	4293898303400
4293923919100	4293944932400	4293932196600


16666666
4292707106900	4292728631000	4292715927600
4292742944200	4292761992900	4292748833900
4292778813000	4292797318000	4292782411800
4292816910700	4292844873100	4292832260700
4292853860100	4292878504900	4292865871500
4292894138100	4292910651000	4292899216700
4292929903000	4292945242500	4292931880400
4292965448700	4292994938200	4292983321300
4293001237600	4293026507600	4293015074300
4293037627700	4293059940000	4293048947200
4293073573300	4293095542700	4293082659500
4293109485200	4293128209600	4293115625100
4293145217700	4293160509500	4293149435600
4293180449900	4293195045200	4293182353800
4293215544300	4293244474900	4293232084100
4293250481800	4293277622200	4293265721400
4293284930800	4293311292000	4293299157600
4293319949300	4293345042700	4293333641100
4293355875300	4293376570400	4293365712000
4293391472200	4293411039700	4293398658900
4293426464700	4293444404500	4293432360500
4293461840600	4293478210500	4293465576400
4293495905900	4293512346400	4293498840200
4293530406300	4293544998700	4293532206600
4293564926900	4293593741800	4293581636400
4293599643400	4293629157400	4293615197300
4293635259000	4293660879800	4293648527000
4293671953700	4293694335500	4293681761600
4293710655700	4293728936700	4293716096800
4293747173500	4293762129300	4293750711200
4293782120300	4293809633500	4293798555600
4293817730600	4293844158400	4293831977400
4293851805600	4293877749900	4293865370700
4293887318600	4293910705200	4293898303400
4293923919100	4293944932400	4293932196600
4293962834000	4293977022800	4293965701900
4293997180600	4294013247400	4293998906500
4294034675600	4294060275900	4294049288300
4294071440900	4294094262900	4294081979200
4294106317600	4294128975400	4294116112400
4294143041800	4294159783300	4294148627600
4294177421400	4294195184600	4294182239100
4294211906700	4294227532700	4294215833200
4294246995600	4294261145900	4294248859500
4294282006500	4294311267600	4294298893500
4294317578300	4294344658800	4294332422000
4294352531800	4294378401600	4294365786200
4294389056400	4294411653100	4294398430000
4294427008600	4294446010200	4294432778200
4294463559800	4294478864700	4294464972400
4294500752700	4294528557600	4294515282300
4294539105200	4294561526100	4294548607500
4294574560200	4294593349000	4294582574100
4294610115000	4294628444300	4294616097700
4294647134700	4294661526500	4294648268800
4294683166600	4294711283100	4294698545200
4294722292400	4294745002700	4294732557100
4294758296300	4294778635100	4294765424400
4294794423700	4294811664000	4294799021600
4294831310900	4294860598900	4294848520400
4294866248500	4294893114700	4294882381300
4294903274600	4294929286800	4294916503600
4294937878800	4294961700900	4294948736900
4294974239800	4294994112700	4294981527800


16666666
4293782120300	4293809633500	4293798555600
4293817730600	4293844158400	4293831977400
4293851805600	4293877749900	4293865370700
4293887318600	4293910705200	4293898303400
4293923919100	4293944932400	4293932196600
4293962834000	4293977022800	4293965701900
4293997180600	4294013247400	4293998906500
4294034675600	4294060275900	4294049288300
4294071440900	4294094262900	4294081979200
4294106317600	4294128975400	4294116112400
4294143041800	4294159783300	4294148627600
4294177421400	4294195184600	4294182239100
4294211906700	4294227532700	4294215833200
4294246995600	4294261145900	4294248859500
4294282006500	4294311267600	4294298893500
4294317578300	4294344658800	4294332422000
4294352531800	4294378401600	4294365786200
4294389056400	4294411653100	4294398430000
4294427008600	4294446010200	4294432778200
4294463559800	4294478864700	4294464972400
4294500752700	4294528557600	4294515282300
4294539105200	4294561526100	4294548607500
4294574560200	4294593349000	4294582574100
4294610115000	4294628444300	4294616097700
4294647134700	4294661526500	4294648268800
4294683166600	4294711283100	4294698545200
4294722292400	4294745002700	4294732557100
4294758296300	4294778635100	4294765424400
4294794423700	4294811664000	4294799021600
4294831310900	4294860598900	4294848520400
4294866248500	4294893114700	4294882381300
4294903274600	4294929286800	4294916503600
4294937878800	4294961700900	4294948736900
4294974239800	4294994112700	4294981527800
4295015470200	4295045133300	4295032464500
4295050799900	4295078106100	4295065661000
4295086225500	4295111439200	4295098969400
4295121832200	4295144969900	4295132657200
4295157960300	4295178046500	4295165725400
4295194229400	4295212923000	4295200422700
4295229387700	4295245324300	4295232848500
4295263934500	4295279153200	4295265244600
4295299094600	4295327687400	4295315344400
4295334337700	4295360322200	4295349424100
4295369484900	4295394508200	4295381957900
4295405722100	4295425773500	4295415318300
4295440680400	4295461232300	4295449286700
4295475421200	4295495312300	4295482587700
4295511021400	4295527047300	4295515587600
4295547060000	4295561120300	4295549083700
4295581079300	4295611714800	4295598561500
4295615834700	4295644959900	4295631699200
4295650827600	4295677334700	4295665128200
4295686547200	4295711449800	4295698357500
4295721963800	4295744870000	4295732584800
4295757317800	4295778817500	4295766999700
4295793253600	4295812524100	4295799669100
4295828919600	4295845737600	4295831930500
4295864307800	4295895096200	4295882288200
4295899960300	4295928639400	4295915754900
4295935225500	4295961568600	4295948628900
4295972900500	4295994349500	4295982294200
4296009306900	4296026702600	4296015402900
4296047102700	4296062169300	4296049033400


16666666
4294831310900	4294860598900	4294848520400
4294866248500	4294893114700	4294882381300
4294903274600	4294929286800	4294916503600
4294937878800	4294961700900	4294948736900
4294974239800	4294994112700	4294981527800
4295015470200	4295045133300	4295032464500
4295050799900	4295078106100	4295065661000
4295086225500	4295111439200	4295098969400
4295121832200	4295144969900	4295132657200
4295157960300	4295178046500	4295165725400
4295194229400	4295212923000	4295200422700
4295229387700	4295245324300	4295232848500
4295263934500	4295279153200	4295265244600
4295299094600	4295327687400	4295315344400
4295334337700	4295360322200	4295349424100
4295369484900	4295394508200	4295381957900
4295405722100	4295425773500	4295415318300
4295440680400	4295461232300	4295449286700
4295475421200	4295495312300	4295482587700
4295511021400	4295527047300	4295515587600
4295547060000	4295561120300	4295549083700
4295581079300	4295611714800	4295598561500
4295615834700	4295644959900	4295631699200
4295650827600	4295677334700	4295665128200
4295686547200	4295711449800	4295698357500
4295721963800	4295744870000	4295732584800
4295757317800	4295778817500	4295766999700
4295793253600	4295812524100	4295799669100
4295828919600	4295845737600	4295831930500
4295864307800	4295895096200	4295882288200
4295899960300	4295928639400	4295915754900
4295935225500	4295961568600	4295948628900
4295972900500	4295994349500	4295982294200
4296009306900	4296026702600	4296015402900
4296047102700	4296062169300	4296049033400
4296085615600	4296111909900	4296099027000
4296121362800	4296144627500	4296132474500
4296157856900	4296175172300	4296165205600
4296198588100	4296227058400	4296216079500
4296241301000	4296258678500	4296248432400
4296283230400	4296309380000	4296298283600
4296326588400	4296344730700	4296332146000
4296361766800	4296378005900	4296365626800
4296396787800	4296412247600	4296399105200
4296430548200	4296444807900	4296431758800
4296464834900	4296493513200	4296482191400
4296499775100	4296526377100	4296515681000
4296535465900	4296560950000	4296548648400
4296570688400	4296594566700	4296581951200
4296605862200	4296627517600	4296615053300
4296641827800	4296660655900	4296648528100
4296678210900	4296694298300	4296681743400
4296712256600	4296728728600	4296715471700
4296748007100	4296775990200	4296765575500
4296783416400	4296810924700	4296798884300
4296818771700	4296844569600	4296831642600
4296854998800	4296878869000	4296866000200
4296890976800	4296909873600	4296898171300
4296926254300	4296944832500	4296933037700
4296961311600	4296977350600	4296965743000
4296997405100	4297011000400	4296998321600
4297032530900	4297060796200	4297048672600
4297067440800	4297094554300	4297081969100
4297105168500	4297128388900	4297116139100


16666666
4295828919600	4295845737600	4295831930500
4295864307800	4295895096200	4295882288200
4295899960300	4295928639400	4295915754900
4295935225500	4295961568600	4295948628900
4295972900500	4295994349500	4295982294200
4296009306900	4296026702600	4296015402900
4296047102700	4296062169300	4296049033400
4296085615600	4296111909900	4296099027000
4296121362800	4296144627500	4296132474500
4296157856900	4296175172300	4296165205600
4296198588100	4296227058400	4296216079500
4296241301000	4296258678500	4296248432400
4296283230400	4296309380000	4296298283600
4296326588400	4296344730700	4296332146000
4296361766800	4296378005900	4296365626800
4296396787800	4296412247600	4296399105200
4296430548200	4296444807900	4296431758800
4296464834900	4296493513200	4296482191400
4296499775100	4296526377100	4296515681000
4296535465900	4296560950000	4296548648400
4296570688400	4296594566700	4296581951200
4296605862200	4296627517600	4296615053300
4296641827800	4296660655900	4296648528100
4296678210900	4296694298300	4296681743400
4296712256600	4296728728600	4296715471700
4296748007100	4296775990200	4296765575500
4296783416400	4296810924700	4296798884300
4296818771700	4296844569600	4296831642600
4296854998800	4296878869000	4296866000200
4296890976800	4296909873600	4296898171300
4296926254300	4296944832500	4296933037700
4296961311600	4296977350600	4296965743000
4296997405100	4297011000400	4296998321600
4297032530900	4297060796200	4297048672600
4297067440800	4297094554300	4297081969100
4297105168500	4297128388900	4297116139100
4297144620900	4297161888600	4297149016700
4297179492600	4297195069700	4297181633600
4297214847800	4297246440800	4297232297600
4297249130100	4297277639100	4297265355900
4297285782300	4297308797500	4297298472600
4297321197500	4297343374500	4297332634000
4297355207100	4297375729300	4297364929300
4297391670200	4297410617800	4297398736600
4297428125300	4297443357100	4297432509600
4297462902800	4297478087800	4297465080500
4297497704400	4297528197900	4297515304800
4297532899400	4297560887500	4297548435500
4297567334000	4297593288500	4297582446700
4297602708800	4297627957100	4297615634800
4297638714900	4297660357300	4297648328900
4297674237200	4297695556800	4297682516900
4297709660700	4297729092300	4297715784500
4297744269300	4297761923100	4297748487200
4297779991600	4297794709800	4297782603300
4297819451600	4297846500000	4297832352900
4297899819600	4297928472000	4297915827900
4297952892300	4297976520100	4297965531200
4297995727600	4298011135900	4297999310500
4298030273100	4298044021000	4298032461000
4298064108100	4298093662300	4298082304900
4298099489900	4298127433800	4298115523600
4298134715700	4298159807500	4298148554100
4298169915500	4298195063000	4298182286400


16666666
4296926254300	4296944832500	4296933037700
4296961311600	4296977350600	4296965743000
4296997405100	4297011000400	4296998321600
4297032530900	4297060796200	4297048672600
4297067440800	4297094554300	4297081969100
4297105168500	4297128388900	4297116139100
4297144620900	4297161888600	4297149016700
4297179492600	4297195069700	4297181633600
4297214847800	4297246440800	4297232297600
4297249130100	4297277639100	4297265355900
4297285782300	4297308797500	4297298472600
4297321197500	4297343374500	4297332634000
4297355207100	4297375729300	4297364929300
4297391670200	4297410617800	4297398736600
4297428125300	4297443357100	4297432509600
4297462902800	4297478087800	4297465080500
4297497704400	4297528197900	4297515304800
4297532899400	4297560887500	4297548435500
4297567334000	4297593288500	4297582446700
4297602708800	4297627957100	4297615634800
4297638714900	4297660357300	4297648328900
4297674237200	4297695556800	4297682516900
4297709660700	4297729092300	4297715784500
4297744269300	4297761923100	4297748487200
4297779991600	4297794709800	4297782603300
4297819451600	4297846500000	4297832352900
4297899819600	4297928472000	4297915827900
4297952892300	4297976520100	4297965531200
4297995727600	4298011135900	4297999310500
4298030273100	4298044021000	4298032461000
4298064108100	4298093662300	4298082304900
4298099489900	4298127433800	4298115523600
4298134715700	4298159807500	4298148554100
4298169915500	4298195063000	4298182286400
4298210224100	4298227808200	4298215165800
4298245677400	4298262198400	4298249153800
4298281494700	4298312272900	4298299445200
4298317647200	4298344051200	4298331658400
4298352740200	4298378487400	4298365793900
4298388805300	4298411548600	4298398738700
4298426230700	4298445346200	4298432819000
4298461632900	4298478739300	4298465440500
4298495796400	4298514199700	4298500485300
4298531084100	4298562685400	4298548291300
4298566666400	4298594874600	4298582260800
4298601137900	4298626353700	4298615398200
4298636926300	4298661117700	4298648202500
4298671099700	4298693864300	4298681460100
4298706249300	4298730006600	4298716414700
4298743179000	4298761101700	4298748571400
4298777425100	4298792702600	4298781506000
4298811952400	4298827180200	4298815093600
4298846037200	4298862403700	4298848449300
4298881001900	4298914105700	4298898741300
4298915684300	4298944199500	4298932104700
4298951273500	4298979095200	4298965801900
4298989919800	4299010726300	4298998454300
4299027573700	4299045896700	4299033485100
4299062859900	4299077875800	4299066173000
4299097911500	4299128321200	4299116035000
4299134464100	4299161697200	4299149379600
4299170360600	4299194006100	4299183415400
4299207131800	4299228871600	4299215798600
4299244094100	4299261980200	4299249393700


16666666
4298030273100	4298044021000	4298032461000
4298064108100	4298093662300	4298082304900
4298099489900	4298127433800	4298115523600
4298134715700	4298159807500	4298148554100
4298169915500	4298195063000	4298182286400
4298210224100	4298227808200	4298215165800
4298245677400	4298262198400	4298249153800
4298281494700	4298312272900	4298299445200
4298317647200	4298344051200	4298331658400
4298352740200	4298378487400	4298365793900
4298388805300	4298411548600	4298398738700
4298426230700	4298445346200	4298432819000
4298461632900	4298478739300	4298465440500
4298495796400	4298514199700	4298500485300
4298531084100	4298562685400	4298548291300
4298566666400	4298594874600	4298582260800
4298601137900	4298626353700	4298615398200
4298636926300	4298661117700	4298648202500
4298671099700	4298693864300	4298681460100
4298706249300	4298730006600	4298716414700
4298743179000	4298761101700	4298748571400
4298777425100	4298792702600	4298781506000
4298811952400	4298827180200	4298815093600
4298846037200	4298862403700	4298848449300
4298881001900	4298914105700	4298898741300
4298915684300	4298944199500	4298932104700
4298951273500	4298979095200	4298965801900
4298989919800	4299010726300	4298998454300
4299027573700	4299045896700	4299033485100
4299062859900	4299077875800	4299066173000
4299097911500	4299128321200	4299116035000
4299134464100	4299161697200	4299149379600
4299170360600	4299194006100	4299183415400
4299207131800	4299228871600	4299215798600
4299244094100	4299261980200	4299249393700
4299283030800	4299311911100	4299299238700
4299321407900	4299345043600	4299332885300
4299355953200	4299378120200	4299365713400
4299393732900	4299411667800	4299398759700
4299429852800	4299445229600	4299432319900
4299464393700	4299494182100	4299481957000
4299500784200	4299529517500	4299516303200
4299535966200	4299561068700	4299548504600
4299571119700	4299595344500	4299582543500
4299606981500	4299627497000	4299614873800
4299641156700	4299661168100	4299648579500
4299677293900	4299694323800	4299681841600
4299713112500	4299728927600	4299714987300
4299749600100	4299778259300	4299765124000
4299786995100	4299810902900	4299799430700
4299825917300	4299846132300	4299832499600
4299862890300	4299879689300	4299865184900
4299900644900	4299927950400	4299915987800
4299936484800	4299962319300	4299949116600
4299974659700	4299996140100	4299982052400
4300011339000	4300030259700	4300015795300
4300049125400	4300078080300	4300065399200
4300086741300	4300111020700	4300098331500
4300124462500	4300142768700	4300131638400
4300160900200	4300178856600	4300165290300
4300198710300	4300228018700	4300214933900
4300234838300	4300259791100	4300248946300
4300273107500	4300294164600	4300282670500
4300311415900	4300329245100	4300315791000


16666666
4298951273500	4298979095200	4298965801900
4298989919800	4299010726300	4298998454300
4299027573700	4299045896700	4299033485100
4299062859900	4299077875800	4299066173000
4299097911500	4299128321200	4299116035000
4299134464100	4299161697200	4299149379600
4299170360600	4299194006100	4299183415400
4299207131800	4299228871600	4299215798600
4299244094100	4299261980200	4299249393700
4299283030800	4299311911100	4299299238700
4299321407900	4299345043600	4299332885300
4299355953200	4299378120200	4299365713400
4299393732900	4299411667800	4299398759700
4299429852800	4299445229600	4299432319900
4299464393700	4299494182100	4299481957000
4299500784200	4299529517500	4299516303200
4299535966200	4299561068700	4299548504600
4299571119700	4299595344500	4299582543500
4299606981500	4299627497000	4299614873800
4299641156700	4299661168100	4299648579500
4299677293900	4299694323800	4299681841600
4299713112500	4299728927600	4299714987300
4299749600100	4299778259300	4299765124000
4299786995100	4299810902900	4299799430700
4299825917300	4299846132300	4299832499600
4299862890300	4299879689300	4299865184900
4299900644900	4299927950400	4299915987800
4299936484800	4299962319300	4299949116600
4299974659700	4299996140100	4299982052400
4300011339000	4300030259700	4300015795300
4300049125400	4300078080300	4300065399200
4300086741300	4300111020700	4300098331500
4300124462500	4300142768700	4300131638400
4300160900200	4300178856600	4300165290300
4300198710300	4300228018700	4300214933900
4300234838300	4300259791100	4300248946300
4300273107500	4300294164600	4300282670500
4300311415900	4300329245100	4300315791000
4300349366900	4300379684100	4300365966000
4300386329100	4300411304500	4300398288500
4300422950400	4300444950100	4300431990800
4300458395600	4300478236100	4300465681600
4300495091800	4300510806000	4300498844200
4300531291400	4300560534900	4300549180800
4300566579100	4300595239800	4300582261700
4300602396700	4300628847000	4300615557500
4300639675600	4300663178800	4300649106800
4300679659200	4300697599600	4300682277700
4300719961500	4300746543800	4300732068700
4300759648400	4300780887300	4300765270400
4300803521500	4300828965200	4300815144900
4300842251600	4300862654100	4300848745000
4300881201200	4300913389900	4300898338300
4300921197000	4300948115800	4300932230900
4300969705000	4300998015300	4300981992500
4301014626400	4301046614500	4301033588500
4301055827500	4301079814100	4301065134800
4301099301200	4301129346400	4301115014800
4301139198600	4301165345900	4301149313600
4301183065800	4301214011000	4301198695600
4301228111500	4301245802700	4301233205300
4301267786800	4301296812200	4301281972100
4301311872100	4301329986800	4301315106600
4301357565200	4301382848200	4301366508600


16666666
4299936484800	4299962319300	4299949116600
4299974659700	4299996140100	4299982052400
4300011339000	4300030259700	4300015795300
4300049125400	4300078080300	4300065399200
4300086741300	4300111020700	4300098331500
4300124462500	4300142768700	4300131638400
4300160900200	4300178856600	4300165290300
4300198710300	4300228018700	4300214933900
4300234838300	4300259791100	4300248946300
4300273107500	4300294164600	4300282670500
4300311415900	4300329245100	4300315791000
4300349366900	4300379684100	4300365966000
4300386329100	4300411304500	4300398288500
4300422950400	4300444950100	4300431990800
4300458395600	4300478236100	4300465681600
4300495091800	4300510806000	4300498844200
4300531291400	4300560534900	4300549180800
4300566579100	4300595239800	4300582261700
4300602396700	4300628847000	4300615557500
4300639675600	4300663178800	4300649106800
4300679659200	4300697599600	4300682277700
4300719961500	4300746543800	4300732068700
4300759648400	4300780887300	4300765270400
4300803521500	4300828965200	4300815144900
4300842251600	4300862654100	4300848745000
4300881201200	4300913389900	4300898338300
4300921197000	4300948115800	4300932230900
4300969705000	4300998015300	4300981992500
4301014626400	4301046614500	4301033588500
4301055827500	4301079814100	4301065134800
4301099301200	4301129346400	4301115014800
4301139198600	4301165345900	4301149313600
4301183065800	4301214011000	4301198695600
4301228111500	4301245802700	4301233205300
4301267786800	4301296812200	4301281972100
4301311872100	4301329986800	4301315106600
4301357565200	4301382848200	4301366508600
4301403901600	4301430944800	4301416709100
4301444888800	4301462212700	4301449078500
4301483645100	4301513998500	4301499694000
4301522734800	4301546321300	4301531705200
4301561933300	4301580057100	4301565452800
4301600111400	4301628986900	4301615114500
4301639679200	4301661815900	4301648410400
4301679905800	4301698688400	4301681923500
4301720998800	4301744107200	4301731913600
4301757074400	4301778997900	4301764837700
4301796499300	4301811984500	4301799146200
4301836394300	4301861223300	4301848352500
4301875564000	4301897176200	4301882355100
4301918243700	4301946870400	4301932927700
4301959446300	4301977349800	4301965688300
4301999101000	4302030180200	4302015059100
4302039208200	4302063172900	4302048693900
4302077800300	4302095924700	4302082059100
4302117267300	4302143619200	4302132362500
4302153686900	4302178471200	4302165119300
4302189246400	4302210434800	4302198814500
4302224457000	4302245783300	4302232084400
4302261389700	4302278899500	4302265747700
4302298420600	4302329080600	4302315007800
4302337761400	4302360077600	4302348744600
4302374373900	4302393883500	4302381795400
4302411060200	4302429526200	4302415880300


16666666
4301099301200	4301129346400	4301115014800
4301139198600	4301165345900	4301149313600
4301183065800	4301214011000	4301198695600
4301228111500	4301245802700	4301233205300
4301267786800	4301296812200	4301281972100
4301311872100	4301329986800	4301315106600
4301357565200	4301382848200	4301366508600
4301403901600	4301430944800	4301416709100
4301444888800	4301462212700	4301449078500
4301483645100	4301513998500	4301499694000
4301522734800	4301546321300	4301531705200
4301561933300	4301580057100	4301565452800
4301600111400	4301628986900	4301615114500
4301639679200	4301661815900	4301648410400
4301679905800	4301698688400	4301681923500
4301720998800	4301744107200	4301731913600
4301757074400	4301778997900	4301764837700
4301796499300	4301811984500	4301799146200
4301836394300	4301861223300	4301848352500
4301875564000	4301897176200	4301882355100
4301918243700	4301946870400	4301932927700
4301959446300	4301977349800	4301965688300
4301999101000	4302030180200	4302015059100
4302039208200	4302063172900	4302048693900
4302077800300	4302095924700	4302082059100
4302117267300	4302143619200	4302132362500
4302153686900	4302178471200	4302165119300
4302189246400	4302210434800	4302198814500
4302224457000	4302245783300	4302232084400
4302261389700	4302278899500	4302265747700
4302298420600	4302329080600	4302315007800
4302337761400	4302360077600	4302348744600
4302374373900	4302393883500	4302381795400
4302411060200	4302429526200	4302415880300
4302448619000	4302476127500	4302465521100
4302488992900	4302509758300	4302499000000
4302525336800	4302545019900	4302532621000
4302561261200	4302577954700	4302565396700
4302595093900	4302611813900	4302598917600
4302629425400	4302645321200	4302632045800
4302664357500	4302696851700	4302683063500
4302699354200	4302728456800	4302715637400
4302737160600	4302762216100	4302748502100
4302774207600	4302792981300	4302781828300
4302810419000	4302829068500	4302815862700
4302844889800	4302860443500	4302848763200
4302880571400	4302895310400	4302883732800
4302915810000	4302943131000	4302932271200
4302950320900	4302976160600	4302964933000
4302987311100	4303011539300	4302998811900
4303025067100	4303046085300	4303033139100
4303060389700	4303077962400	4303065055100
4303096162200	4303111786600	4303098241400
4303131620900	4303161573800	4303149317000
4303168297900	4303193736300	4303182377900
4303205557300	4303226979600	4303216001000
4303241695800	4303262194400	4303248592600
4303277761500	4303296101400	4303283820000
4303314155700	4303328691200	4303315082200
4303349567200	4303377715600	4303365666700
4303384706400	4303408656200	4303398454000
4303419846300	4303444451000	4303432414500
4303456105400	4303478686900	4303465749700
4303494159600	4303512912000	4303499437300

