16666666
4580640080200	4580662417200	4580648678400
4580674470500	4580695504200	4580682319900
4580707975000	4580728340500	4580715082600
4580743097200	4580760144000	4580748733500
4580777462400	4580796887700	4580782611600
4580811943800	4580828106600	4580815519600
4580845488300	4580860345900	4580849251200
4580878689500	4580895876300	4580883084800
4580911580000	4580928904100	4580915709900
4580945739300	4580962495500	4580948818100
4580977018400	4580993510500	4580982388600
4581008851300	4581029220000	4581015878300
4581042527100	4581060670600	4581049074700
4581075916700	4581096118000	4581082064800
4581109576700	4581127685900	4581116692800
4581143036200	4581161135300	4581148295000
4581175465100	4581193222300	4581182022900
4581209291000	4581229575700	4581215951500
4581243439800	4581261791900	4581248629100
4581277529800	4581295195900	4581282171900
4581311215100	4581327525300	4581316527100
4581344667800	4581360420100	4581349113100
4581376673500	4581395151000	4581381990300
4581411021300	4581429268600	4581415627000
4581467314200	4581494595000	4581481846500
4581518506700	4581545702800	4581531779300
4581562101800	4581577228100	4581565568500
4581605936700	4581628934100	4581615538500
4581645695600	4581660437400	4581649040400
4581678125000	4581696198700	4581682439600
4581711397600	4581728374500	4581715205100


16666666
4581744759000	4581760152100	4581748476800
4581778598500	4581795010900	4581782209100
4581811728700	4581826807300	4581815464800
4581843753200	4581861174000	4581848347200
4581877475600	4581893111600	4581882014200
4581910229300	4581927608400	4581915120900
4581943571500	4581960772900	4581949590600
4581975363100	4581994340200	4581982691200
4582009065800	4582028490100	4582015432800
4582041737400	4582061554800	4582048664800
4582074597100	4582095817400	4582082247900
4582107636700	4582128096200	4582115130900
4582140165000	4582162304300	4582148907800
4582177920300	4582197491100	4582183237400
4582211974700	4582227189400	4582215444600
4582245694200	4582262513800	4582249429000
4582276808800	4582293068300	4582281915500
4582310300700	4582327097000	4582315400200
4582345573200	4582362319100	4582348287300
4582380785400	4582396287400	4582381851700
4582414590100	4582446835400	4582432223600
4582448342400	4582477999300	4582465430400
4582482198300	4582510226500	4582498935600
4582515401900	4582546081600	4582531943000
4582550638200	4582577925000	4582564906300
4582585701200	4582611789000	4582598689200
4582620145800	4582645588000	4582633601300
4582658227600	4582675808400	4582665122400
4582691071200	4582712057900	4582698441100
4582723385100	4582743542900	4582732404800
4582757278500	4582779616700	4582765075600
4582792530200	4582813099600	4582798860400
4582829006000	4582845993200	4582831705000
4582867552900	4582895516100	4582882605700
4582904896900	4582929030700	4582915826700
4582940029700	4582961551300	4582948681700
4582973752900	4582993004100	4582982223100
4583006743300	4583028277100	4583015179100
4583040169500	4583062321700	4583048858300
4583074478000	4583095527100	4583082279900
4583107760700	4583128824900	4583115824200
4583142571100	4583161052300	4583148237900
4583175376000	4583194447000	4583181897500
4583208803400	4583229118600	4583215349800
4583241406400	4583261985900	4583248342300
4583275638000	4583293281000	4583281803200
4583307957700	4583327753400	4583315364900
4583341612200	4583360339800	4583348845900
4583375215200	4583393927800	4583382620900
4583409448000	4583429946900	4583416439100
4583443532000	4583461292200	4583448763500
4583477279900	4583494802000	4583481663700
4583510133600	4583530151600	4583515943900
4583544446500	4583559981200	4583548456000
4583575933100	4583593529500	4583582071800
4583609216100	4583627126100	4583615809000
4583642792700	4583661198000	4583648790200
4583675823000	4583695552800	4583682053700
4583709459400	4583728477900	4583715147400
4583742229600	4583761873500	4583748645300
4583775981300	4583794702100	4583782407800
4583808271700	4583829140100	4583816403400


16666666
4582829006000	4582845993200	4582831705000
4582867552900	4582895516100	4582882605700
4582904896900	4582929030700	4582915826700
4582940029700	4582961551300	4582948681700
4582973752900	4582993004100	4582982223100
4583006743300	4583028277100	4583015179100
4583040169500	4583062321700	4583048858300
4583074478000	4583095527100	4583082279900
4583107760700	4583128824900	4583115824200
4583142571100	4583161052300	4583148237900
4583175376000	4583194447000	4583181897500
4583208803400	4583229118600	4583215349800
4583241406400	4583261985900	4583248342300
4583275638000	4583293281000	4583281803200
4583307957700	4583327753400	4583315364900
4583341612200	4583360339800	4583348845900
4583375215200	4583393927800	4583382620900
4583409448000	4583429946900	4583416439100
4583443532000	4583461292200	4583448763500
4583477279900	4583494802000	4583481663700
4583510133600	4583530151600	4583515943900
4583544446500	4583559981200	4583548456000
4583575933100	4583593529500	4583582071800
4583609216100	4583627126100	4583615809000
4583642792700	4583661198000	4583648790200
4583675823000	4583695552800	4583682053700
4583709459400	4583728477900	4583715147400
4583742229600	4583761873500	4583748645300
4583775981300	4583794702100	4583782407800
4583808271700	4583829140100	4583816403400
4583841197800	4583861961300	4583848762500
4583874510400	4583895366600	4583882028100
4583909998200	4583929918300	4583916146500
4583945623400	4583962508800	4583949240600
4583979148000	4583996078900	4583983041600
4584012054200	4584030831400	4584016273800
4584045888700	4584063412300	4584048848900
4584080044100	4584094205600	4584082298400
4584111878700	4584128497200	4584115405800
4584143541800	4584162376800	4584149039000
4584176206600	4584192627500	4584181499900
4584207915900	4584226062900	4584214972600
4584242416400	4584262413600	4584248714700
4584275429200	4584293454600	4584281940800
4584308795900	4584329626100	4584317104500
4584342554600	4584361425000	4584348459500
4584375081500	4584396257100	4584383385900
4584409166600	4584428458400	4584415711200
4584443044900	4584462658700	4584448932600
4584477591600	4584494567400	4584481927500
4584511254300	4584528167900	4584515863400
4584545192500	4584560443100	4584548637000
4584578450800	4584595594100	4584582235800
4584614355300	4584646331500	4584632555200
4584651250400	4584676468100	4584665380700
4584685440100	4584710611700	4584698400500
4584718793100	4584743988100	4584731524800
4584752668400	4584777855300	4584765181500
4584786119500	4584810888800	4584798402200
4584818649000	4584843693600	4584831613900
4584852046500	4584877025200	4584865335600
4584885306000	4584911204700	4584898495400
4584918035100	4584943844500	4584932574700


16666666
4583909998200	4583929918300	4583916146500
4583945623400	4583962508800	4583949240600
4583979148000	4583996078900	4583983041600
4584012054200	4584030831400	4584016273800
4584045888700	4584063412300	4584048848900
4584080044100	4584094205600	4584082298400
4584111878700	4584128497200	4584115405800
4584143541800	4584162376800	4584149039000
4584176206600	4584192627500	4584181499900
4584207915900	4584226062900	4584214972600
4584242416400	4584262413600	4584248714700
4584275429200	4584293454600	4584281940800
4584308795900	4584329626100	4584317104500
4584342554600	4584361425000	4584348459500
4584375081500	4584396257100	4584383385900
4584409166600	4584428458400	4584415711200
4584443044900	4584462658700	4584448932600
4584477591600	4584494567400	4584481927500
4584511254300	4584528167900	4584515863400
4584545192500	4584560443100	4584548637000
4584578450800	4584595594100	4584582235800
4584614355300	4584646331500	4584632555200
4584651250400	4584676468100	4584665380700
4584685440100	4584710611700	4584698400500
4584718793100	4584743988100	4584731524800
4584752668400	4584777855300	4584765181500
4584786119500	4584810888800	4584798402200
4584818649000	4584843693600	4584831613900
4584852046500	4584877025200	4584865335600
4584885306000	4584911204700	4584898495400
4584918035100	4584943844500	4584932574700
4584952684200	4584977806400	4584965032300
4584989865000	4585009150000	4584998300400
4585022513700	4585044411900	4585031915800
4585055153400	4585078203000	4585065774400
4585088940900	4585109312900	4585098696400
4585122966600	4585145256300	4585132209100
4585156581000	4585177607500	4585164985300
4585190224500	4585209992400	4585199009900
4585222591100	4585242722200	4585231755600
4585255093000	4585277757700	4585265197000
4585287220200	4585310800500	4585298519500
4585321530000	4585343429700	4585331807800
4585356098100	4585378865400	4585365769900
4585389945100	4585411687100	4585398765100
4585424138100	4585444544100	4585431599000
4585457876900	4585476047700	4585465360900
4585491258500	4585511120700	4585498392600
4585524126300	4585544945600	4585532150400
4585556590700	4585578739400	4585565774400
4585589847100	4585609911100	4585598656600
4585622394200	4585645016400	4585632410700
4585656153800	4585676628000	4585665547400
4585688398800	4585710875300	4585698542900
4585722186700	4585743852000	4585732005600
4585755827300	4585777626300	4585765111700
4585788675300	4585812138900	4585798937800
4585821304000	4585844992000	4585832459900
4585853571700	4585877113000	4585865011900
4585886487700	4585911351000	4585899020200
4585920472400	4585944273000	4585931943700
4585953654900	4585978800900	4585966163300
4585987387000	4586011847300	4585998477300
4586022950000	4586044875500	4586031618900


16666666
4584952684200	4584977806400	4584965032300
4584989865000	4585009150000	4584998300400
4585022513700	4585044411900	4585031915800
4585055153400	4585078203000	4585065774400
4585088940900	4585109312900	4585098696400
4585122966600	4585145256300	4585132209100
4585156581000	4585177607500	4585164985300
4585190224500	4585209992400	4585199009900
4585222591100	4585242722200	4585231755600
4585255093000	4585277757700	4585265197000
4585287220200	4585310800500	4585298519500
4585321530000	4585343429700	4585331807800
4585356098100	4585378865400	4585365769900
4585389945100	4585411687100	4585398765100
4585424138100	4585444544100	4585431599000
4585457876900	4585476047700	4585465360900
4585491258500	4585511120700	4585498392600
4585524126300	4585544945600	4585532150400
4585556590700	4585578739400	4585565774400
4585589847100	4585609911100	4585598656600
4585622394200	4585645016400	4585632410700
4585656153800	4585676628000	4585665547400
4585688398800	4585710875300	4585698542900
4585722186700	4585743852000	4585732005600
4585755827300	4585777626300	4585765111700
4585788675300	4585812138900	4585798937800
4585821304000	4585844992000	4585832459900
4585853571700	4585877113000	4585865011900
4585886487700	4585911351000	4585899020200
4585920472400	4585944273000	4585931943700
4585953654900	4585978800900	4585966163300
4585987387000	4586011847300	4585998477300
4586022950000	4586044875500	4586031618900
4586059114800	4586077901700	4586067138600
4586091998600	4586111575700	4586098794200
4586125145600	4586144927600	4586131638400
4586158392300	4586179239300	4586165975500
4586190897400	4586211805200	4586198883700
4586223322100	4586245652100	4586232735300
4586255992600	4586277435000	4586265615800
4586289151100	4586310853800	4586298273000
4586322052100	4586343317100	4586331713500
4586354331800	4586375954600	4586365292900
4586387424100	4586411372300	4586398681000
4586420163300	4586444473600	4586431964800
4586454279200	4586481465200	4586467151000
4586489884300	4586512398100	4586499394900
4586527292700	4586544594700	4586532199600
4586559982900	4586577362400	4586565081100
4586592589800	4586610549200	4586599620200
4586625885500	4586643074000	4586632181900
4586658723900	4586677132600	4586666032600
4586690771100	4586712284700	4586699510200
4586723484400	4586744795800	4586732521300
4586756402300	4586778280000	4586765612400
4586788738700	4586812065300	4586798617100
4586822665500	4586845550400	4586832458300
4586857331100	4586878883500	4586865570000
4586891030700	4586911527600	4586898319900
4586923990800	4586945838100	4586932417100
4586958082800	4586976686400	4586965315000
4586993679100	4587009788500	4586999048700
4587026548800	4587046034500	4587031787200
4587064671200	4587095665200	4587082159600


16666666
4585920472400	4585944273000	4585931943700
4585953654900	4585978800900	4585966163300
4585987387000	4586011847300	4585998477300
4586022950000	4586044875500	4586031618900
4586059114800	4586077901700	4586067138600
4586091998600	4586111575700	4586098794200
4586125145600	4586144927600	4586131638400
4586158392300	4586179239300	4586165975500
4586190897400	4586211805200	4586198883700
4586223322100	4586245652100	4586232735300
4586255992600	4586277435000	4586265615800
4586289151100	4586310853800	4586298273000
4586322052100	4586343317100	4586331713500
4586354331800	4586375954600	4586365292900
4586387424100	4586411372300	4586398681000
4586420163300	4586444473600	4586431964800
4586454279200	4586481465200	4586467151000
4586489884300	4586512398100	4586499394900
4586527292700	4586544594700	4586532199600
4586559982900	4586577362400	4586565081100
4586592589800	4586610549200	4586599620200
4586625885500	4586643074000	4586632181900
4586658723900	4586677132600	4586666032600
4586690771100	4586712284700	4586699510200
4586723484400	4586744795800	4586732521300
4586756402300	4586778280000	4586765612400
4586788738700	4586812065300	4586798617100
4586822665500	4586845550400	4586832458300
4586857331100	4586878883500	4586865570000
4586891030700	4586911527600	4586898319900
4586923990800	4586945838100	4586932417100
4586958082800	4586976686400	4586965315000
4586993679100	4587009788500	4586999048700
4587026548800	4587046034500	4587031787200
4587064671200	4587095665200	4587082159600
4587101581300	4587126245100	4587115105200
4587137040200	4587161041700	4587149218700
4587174423800	4587195536800	4587182527600
4587208365400	4587229645400	4587215755600
4587242808300	4587260912900	4587249435000
4587277576300	4587296347200	4587282797500
4587311677200	4587328548800	4587315384500
4587344960300	4587360955800	4587349430500
4587378671700	4587395342200	4587381955200
4587410594800	4587429204700	4587415790300
4587444707400	4587461924700	4587448669500
4587477302600	4587492919000	4587481861700
4587509783300	4587527868700	4587516728200
4587543964000	4587561592300	4587548634600
4587576679400	4587593367000	4587582519000
4587609037300	4587628154200	4587615594100
4587642131400	4587660157500	4587649254800
4587674974800	4587693942100	4587682707000
4587708045900	4587729088000	4587715372200
4587742349700	4587760087200	4587748859600
4587775512400	4587794578600	4587782112900
4587809095800	4587827970200	4587816311800
4587843002500	4587860479900	4587849228300
4587876801600	4587894008400	4587882777200
4587912557700	4587930253000	4587915970200
4587976924400	4587998518500	4587982661500
4588053463400	4588077185300	4588065617100
4588089384900	4588110797300	4588098972600
4588126925500	4588145576900	4588132256100


16666666
4586993679100	4587009788500	4586999048700
4587026548800	4587046034500	4587031787200
4587064671200	4587095665200	4587082159600
4587101581300	4587126245100	4587115105200
4587137040200	4587161041700	4587149218700
4587174423800	4587195536800	4587182527600
4587208365400	4587229645400	4587215755600
4587242808300	4587260912900	4587249435000
4587277576300	4587296347200	4587282797500
4587311677200	4587328548800	4587315384500
4587344960300	4587360955800	4587349430500
4587378671700	4587395342200	4587381955200
4587410594800	4587429204700	4587415790300
4587444707400	4587461924700	4587448669500
4587477302600	4587492919000	4587481861700
4587509783300	4587527868700	4587516728200
4587543964000	4587561592300	4587548634600
4587576679400	4587593367000	4587582519000
4587609037300	4587628154200	4587615594100
4587642131400	4587660157500	4587649254800
4587674974800	4587693942100	4587682707000
4587708045900	4587729088000	4587715372200
4587742349700	4587760087200	4587748859600
4587775512400	4587794578600	4587782112900
4587809095800	4587827970200	4587816311800
4587843002500	4587860479900	4587849228300
4587876801600	4587894008400	4587882777200
4587912557700	4587930253000	4587915970200
4587976924400	4587998518500	4587982661500
4588053463400	4588077185300	4588065617100
4588089384900	4588110797300	4588098972600
4588126925500	4588145576900	4588132256100
4588161287900	4588177188200	4588165844900
4588196124300	4588212916900	4588198708200
4588229572900	4588246154400	4588233197700
4588262698900	4588278737000	4588266329700
4588298329200	4588329668400	4588315233700
4588332584300	4588363473200	4588348892200
4588368413700	4588395342600	4588381723200
4588401976300	4588428760900	4588415726800
4588435952800	4588461946000	4588448875700
4588471928400	4588495296900	4588481911500
4588505458900	4588529289600	4588516856300
4588539424600	4588561133000	4588548890900
4588571788800	4588594853000	4588582584700
4588605187000	4588628749700	4588615766500
4588637744000	4588660253900	4588649477100
4588670047900	4588695295300	4588682872100
4588704102700	4588728388300	4588715740000
4588738153600	4588760464500	4588748337700
4588769817200	4588792661200	4588781673600
4588802772500	4588828071400	4588815186400
4588835571700	4588860837900	4588848455600
4588867588300	4588893879800	4588881769300
4588900642400	4588928930000	4588916393500
4588934818200	4588961457400	4588948429000
4588966320300	4588994439800	4588982074800
4589000060700	4589029219800	4589015032200
4589031300600	4589061627400	4589049115500
4589063790500	4589079817600	4589065025600
4589099684500	4589126440200	4589115270100
4589133557200	4589163350400	4589149116800
4589168667800	4589193406500	4589182091700
4589203158000	4589226482000	4589215556300


16666666
4588126925500	4588145576900	4588132256100
4588161287900	4588177188200	4588165844900
4588196124300	4588212916900	4588198708200
4588229572900	4588246154400	4588233197700
4588262698900	4588278737000	4588266329700
4588298329200	4588329668400	4588315233700
4588332584300	4588363473200	4588348892200
4588368413700	4588395342600	4588381723200
4588401976300	4588428760900	4588415726800
4588435952800	4588461946000	4588448875700
4588471928400	4588495296900	4588481911500
4588505458900	4588529289600	4588516856300
4588539424600	4588561133000	4588548890900
4588571788800	4588594853000	4588582584700
4588605187000	4588628749700	4588615766500
4588637744000	4588660253900	4588649477100
4588670047900	4588695295300	4588682872100
4588704102700	4588728388300	4588715740000
4588738153600	4588760464500	4588748337700
4588769817200	4588792661200	4588781673600
4588802772500	4588828071400	4588815186400
4588835571700	4588860837900	4588848455600
4588867588300	4588893879800	4588881769300
4588900642400	4588928930000	4588916393500
4588934818200	4588961457400	4588948429000
4588966320300	4588994439800	4588982074800
4589000060700	4589029219800	4589015032200
4589031300600	4589061627400	4589049115500
4589063790500	4589079817600	4589065025600
4589099684500	4589126440200	4589115270100
4589133557200	4589163350400	4589149116800
4589168667800	4589193406500	4589182091700
4589203158000	4589226482000	4589215556300
4589240857300	4589259921800	4589249028000
4589273639800	4589295411500	4589282462300
4589307442800	4589329723700	4589316200600
4589341853100	4589361717600	4589348888000
4589375442000	4589396492700	4589383009000
4589410612600	4589428749300	4589416055000
4589443144100	4589461886400	4589448422900
4589477409000	4589493762700	4589482601200
4589510930700	4589526858900	4589515718300
4589545010000	4589560852400	4589549448000
4589578758200	4589595104300	4589582543200
4589610806400	4589628474100	4589615647700
4589643631900	4589662582500	4589649277100
4589676824200	4589693655000	4589682741100
4589708712100	4589728081600	4589715751500
4589741490500	4589760323800	4589749322600
4589774921300	4589795656300	4589782476100
4589807711200	4589827441300	4589816325700
4589841616000	4589861603400	4589849045000
4589874891600	4589893285300	4589881842500
4589908640400	4589927760800	4589915780400
4589941705800	4589959346900	4589948636200
4589973550500	4589993638400	4589982551400
4590006036800	4590029110900	4590016112200
4590038068400	4590061275700	4590048534000
4590069864600	4590092968400	4590082596500
4590102198200	4590128146300	4590115622600
4590134052500	4590158727000	4590148238900
4590169057700	4590192753700	4590181985300
4590202867100	4590226144200	4590215288100
4590237085700	4590262504600	4590249291500


16666666
4589203158000	4589226482000	4589215556300
4589240857300	4589259921800	4589249028000
4589273639800	4589295411500	4589282462300
4589307442800	4589329723700	4589316200600
4589341853100	4589361717600	4589348888000
4589375442000	4589396492700	4589383009000
4589410612600	4589428749300	4589416055000
4589443144100	4589461886400	4589448422900
4589477409000	4589493762700	4589482601200
4589510930700	4589526858900	4589515718300
4589545010000	4589560852400	4589549448000
4589578758200	4589595104300	4589582543200
4589610806400	4589628474100	4589615647700
4589643631900	4589662582500	4589649277100
4589676824200	4589693655000	4589682741100
4589708712100	4589728081600	4589715751500
4589741490500	4589760323800	4589749322600
4589774921300	4589795656300	4589782476100
4589807711200	4589827441300	4589816325700
4589841616000	4589861603400	4589849045000
4589874891600	4589893285300	4589881842500
4589908640400	4589927760800	4589915780400
4589941705800	4589959346900	4589948636200
4589973550500	4589993638400	4589982551400
4590006036800	4590029110900	4590016112200
4590038068400	4590061275700	4590048534000
4590069864600	4590092968400	4590082596500
4590102198200	4590128146300	4590115622600
4590134052500	4590158727000	4590148238900
4590169057700	4590192753700	4590181985300
4590202867100	4590226144200	4590215288100
4590237085700	4590262504600	4590249291500
4590269988700	4590294586100	4590281995500
4590304153900	4590326565000	4590315862300
4590337388200	4590361342500	4590349093600
4590370717200	4590392984800	4590381939400
4590405757800	4590426201500	4590415023700
4590439977500	4590461001300	4590448703500
4590473084600	4590495751400	4590483455000
4590507616000	4590526404500	4590515499100
4590540576200	4590560465100	4590549012200
4590574190300	4590595085100	4590582412000
4590608462200	4590628315400	4590615585400
4590641941900	4590661311900	4590649043600
4590674669000	4590695721000	4590682608800
4590708107600	4590729103500	4590715741400
4590742014900	4590760281300	4590749069600
4590774272300	4590794239200	4590782045100
4590808636400	4590829581300	4590816948200
4590841273700	4590861795300	4590848862200
4590874192100	4590893494400	4590882536300
4590907008900	4590927256300	4590915780500
4590939826300	4590961383500	4590948573700
4590971064100	4590992886100	4590981886600
4591004085400	4591026637400	4591015887900
4591037809600	4591059506900	4591048820900
4591070504300	4591094859000	4591082404200
4591102888600	4591128270100	4591115495700
4591136807200	4591160325000	4591148388000
4591169887400	4591193213800	4591182685300
4591201925400	4591228289600	4591215700900
4591235534800	4591261902400	4591249012800
4591268839600	4591292634300	4591281614700
4591303333700	4591328497200	4591315841000


16666666
4590237085700	4590262504600	4590249291500
4590269988700	4590294586100	4590281995500
4590304153900	4590326565000	4590315862300
4590337388200	4590361342500	4590349093600
4590370717200	4590392984800	4590381939400
4590405757800	4590426201500	4590415023700
4590439977500	4590461001300	4590448703500
4590473084600	4590495751400	4590483455000
4590507616000	4590526404500	4590515499100
4590540576200	4590560465100	4590549012200
4590574190300	4590595085100	4590582412000
4590608462200	4590628315400	4590615585400
4590641941900	4590661311900	4590649043600
4590674669000	4590695721000	4590682608800
4590708107600	4590729103500	4590715741400
4590742014900	4590760281300	4590749069600
4590774272300	4590794239200	4590782045100
4590808636400	4590829581300	4590816948200
4590841273700	4590861795300	4590848862200
4590874192100	4590893494400	4590882536300
4590907008900	4590927256300	4590915780500
4590939826300	4590961383500	4590948573700
4590971064100	4590992886100	4590981886600
4591004085400	4591026637400	4591015887900
4591037809600	4591059506900	4591048820900
4591070504300	4591094859000	4591082404200
4591102888600	4591128270100	4591115495700
4591136807200	4591160325000	4591148388000
4591169887400	4591193213800	4591182685300
4591201925400	4591228289600	4591215700900
4591235534800	4591261902400	4591249012800
4591268839600	4591292634300	4591281614700
4591303333700	4591328497200	4591315841000
4591339242700	4591361720500	4591348661000
4591373580600	4591395257100	4591382058700
4591407252100	4591426386300	4591415355100
4591441177800	4591461105700	4591450226000
4591474382300	4591495710200	4591483183400
4591506355000	4591529559600	4591515631700
4591541374900	4591562073800	4591548381100
4591574456500	4591592819700	4591581732500
4591608660200	4591628496200	4591615531600
4591641649700	4591661602900	4591648321700
4591678475900	4591696894600	4591682593000
4591717684000	4591745522700	4591731959600
4591752208500	4591777941500	4591765190200
4591787707100	4591810199900	4591798768000
4591822606000	4591844711400	4591831946000
4591857717500	4591879029200	4591865624700
4591892922900	4591911221600	4591898521800
4591927116200	4591946013000	4591932691700
4591961587200	4591978253500	4591965451500
4591995846900	4592011860400	4591998513200
4592030368900	4592046205600	4592031882600
4592063549600	4592078012600	4592066044400
4592097054300	4592112940300	4592098504700
4592130711200	4592146015800	4592131799600
4592163642600	4592179694300	4592165294400
4592198429900	4592229182400	4592215258700
4592231350600	4592261415200	4592249181900
4592266414300	4592295405700	4592282034900
4592300605900	4592329131300	4592315771300
4592334789800	4592360985300	4592349263100
4592370480100	4592395853800	4592381867300


16666666
4591303333700	4591328497200	4591315841000
4591339242700	4591361720500	4591348661000
4591373580600	4591395257100	4591382058700
4591407252100	4591426386300	4591415355100
4591441177800	4591461105700	4591450226000
4591474382300	4591495710200	4591483183400
4591506355000	4591529559600	4591515631700
4591541374900	4591562073800	4591548381100
4591574456500	4591592819700	4591581732500
4591608660200	4591628496200	4591615531600
4591641649700	4591661602900	4591648321700
4591678475900	4591696894600	4591682593000
4591717684000	4591745522700	4591731959600
4591752208500	4591777941500	4591765190200
4591787707100	4591810199900	4591798768000
4591822606000	4591844711400	4591831946000
4591857717500	4591879029200	4591865624700
4591892922900	4591911221600	4591898521800
4591927116200	4591946013000	4591932691700
4591961587200	4591978253500	4591965451500
4591995846900	4592011860400	4591998513200
4592030368900	4592046205600	4592031882600
4592063549600	4592078012600	4592066044400
4592097054300	4592112940300	4592098504700
4592130711200	4592146015800	4592131799600
4592163642600	4592179694300	4592165294400
4592198429900	4592229182400	4592215258700
4592231350600	4592261415200	4592249181900
4592266414300	4592295405700	4592282034900
4592300605900	4592329131300	4592315771300
4592334789800	4592360985300	4592349263100
4592370480100	4592395853800	4592381867300
4592409588300	4592429276200	4592415524900
4592443899600	4592461871900	4592448352000
4592479383900	4592495004900	4592483331000
4592513637800	4592527648900	4592515625200
4592546157000	4592562571200	4592548636600
4592577529400	4592595539100	4592582457200
4592609714500	4592628001300	4592615550900
4592642741000	4592661267400	4592648650300
4592675750800	4592693129000	4592682040400
4592709318100	4592728903300	4592715763400
4592742122400	4592761184400	4592748467900
4592775271900	4592795587100	4592782212500
4592808030500	4592828642500	4592815389100
4592841608800	4592861359300	4592848401200
4592875281000	4592895468500	4592882646900
4592909173400	4592928957200	4592915459500
4592943511500	4592962511400	4592949309100
4592976652500	4592995368900	4592982510500
4593009921800	4593027525200	4593016181300
4593043057500	4593062052800	4593049116100
4593076980300	4593092819600	4593081932200
4593110173900	4593128349100	4593115558300
4593142666900	4593159445600	4593148763700
4593175098500	4593195207800	4593182088500
4593209015400	4593231009900	4593216429500
4593243172000	4593260262700	4593248872800
4593277129000	4593296588000	4593282808400
4593310506000	4593326567100	4593315245100
4593343098600	4593361831700	4593349188900
4593377342000	4593393580200	4593382582600
4593411286700	4593428673700	4593415255000
4593447141900	4593462517700	4593449733200


16666666
4592409588300	4592429276200	4592415524900
4592443899600	4592461871900	4592448352000
4592479383900	4592495004900	4592483331000
4592513637800	4592527648900	4592515625200
4592546157000	4592562571200	4592548636600
4592577529400	4592595539100	4592582457200
4592609714500	4592628001300	4592615550900
4592642741000	4592661267400	4592648650300
4592675750800	4592693129000	4592682040400
4592709318100	4592728903300	4592715763400
4592742122400	4592761184400	4592748467900
4592775271900	4592795587100	4592782212500
4592808030500	4592828642500	4592815389100
4592841608800	4592861359300	4592848401200
4592875281000	4592895468500	4592882646900
4592909173400	4592928957200	4592915459500
4592943511500	4592962511400	4592949309100
4592976652500	4592995368900	4592982510500
4593009921800	4593027525200	4593016181300
4593043057500	4593062052800	4593049116100
4593076980300	4593092819600	4593081932200
4593110173900	4593128349100	4593115558300
4593142666900	4593159445600	4593148763700
4593175098500	4593195207800	4593182088500
4593209015400	4593231009900	4593216429500
4593243172000	4593260262700	4593248872800
4593277129000	4593296588000	4593282808400
4593310506000	4593326567100	4593315245100
4593343098600	4593361831700	4593349188900
4593377342000	4593393580200	4593382582600
4593411286700	4593428673700	4593415255000
4593447141900	4593462517700	4593449733200
4593481501500	4593509189600	4593498428400
4593514960300	4593543400900	4593532791000
4593549026400	4593576545900	4593565578100
4593581806400	4593612224800	4593598704500
4593614713000	4593645264800	4593631990600
4593647763400	4593678865200	4593665116500
4593681174300	4593710335400	4593698853400
4593713120100	4593726787600	4593715245700
4593745032300	4593763024900	4593748636900
4593778716800	4593794668600	4593782355500
4593811115100	4593828907500	4593815595700
4593843598600	4593859655900	4593848489400
4593875358700	4593893754300	4593882642100
4593909148100	4593928189200	4593915375500
4593942381200	4593962951300	4593949592400
4593975084200	4593992651500	4593981863100
4594009316000	4594027254400	4594015989400
4594043020400	4594061296300	4594048311000
4594076755100	4594093450600	4594082322700
4594110534200	4594127464700	4594115330300
4594143506400	4594161885700	4594148965400
4594176441800	4594194827200	4594181796600
4594210403800	4594227031700	4594215697600
4594244267000	4594262486300	4594249628700
4594278278900	4594294745300	4594281827200
4594311435700	4594328613900	4594315534000
4594344183000	4594362557000	4594348760100
4594378621100	4594395641600	4594382649800
4594410505300	4594427722800	4594415373400
4594443189100	4594459953000	4594448785500
4594475687100	4594496559100	4594482359800
4594510569000	4594527463700	4594515770700

