1012
0 0 0 0 0 0 0 0 38 0 0 38 324508639 126 127 0 2 6 0 0 0 7 1 0 0
0 0 0 0 0 1 0 0 38 0 0 38 324508639 126 127 0 2 6 0 0 0 7 1 0 0
0 0 0 0 1 0 1 0 38 0 1 38 324508639 126 127 0 2 6 0 0 0 7 1 0 0
0 0 0 0 1 1 1 0 38 0 1 38 324508639 126 127 0 2 6 0 0 0 7 1 0 0
0 0 0 0 2 0 2 0 38 0 2 38 324508639 126 127 0 2 6 0 0 0 7 1 0 0
0 0 0 0 2 1 2 0 38 0 2 38 324508639 126 127 0 2 6 0 0 0 7 1 0 0
0 0 0 0 26 0 26 0 38 0 26 38 324508639 126 127 0 2 6 0 0 0 7 1 0 0
0 0 0 0 26 1 26 0 38 0 26 38 324508639 126 127 0 2 6 0 0 0 7 1 0 0
0 0 0 0 27 0 27 0 38 0 27 38 324508639 126 127 0 2 6 0 0 0 7 1 0 0
0 0 0 0 27 1 27 0 38 0 27 38 324508639 126 127 0 2 6 0 0 0 7 1 0 0
0 0 0 0 37 0 37 0 38 0 37 38 324508639 126 127 0 2 6 0 0 0 7 1 0 0
0 0 0 0 37 1 37 0 38 0 37 38 324508639 126 127 0 2 6 0 0 0 7 1 0 0
0 0 0 0 38 0 38 0 38 0 38 38 324508639 126 127 0 2 6 0 0 0 7 1 0 0
0 0 0 0 38 1 38 0 38 0 38 38 324508639 126 127 0 2 6 0 0 0 7 1 0 0
0 0 0 0 39 0 39 0 38 0 39 38 324508639 126 127 0 2 6 0 0 0 7 1 0 0
0 0 0 0 39 1 39 0 38 0 39 38 324508639 126 127 0 2 6 0 0 0 7 1 0 0
0 0 0 0 2147483648 0 2147483648 0 38 0 2147483648 38 324508639 126 127 0 2 6 0 0 0 7 1 0 0
0 0 0 0 2147483648 1 2147483648 0 38 0 2147483648 38 324508639 126 127 0 2 6 0 0 0 7 1 0 0
0 0 0 0 4294967295 0 4294967295 0 38 0 4294967295 38 324508639 126 127 0 2 6 0 0 0 7 1 0 0
0 0 0 0 4294967295 1 4294967295 0 38 0 4294967295 38 324508639 126 127 0 2 6 0 0 0 7 1 0 0
0 0 0 1 0 0 0 0 38 0 0 38 324508639 126 127 0 2 6 0 0 0 7 1 0 0
0 0 0 1 0 1 0 0 38 0 0 38 324508639 126 127 0 2 6 0 0 0 7 1 0 0
0 0 0 1 1 0 1 0 38 0 1 38 324508639 126 127 0 2 6 0 0 0 7 1 0 0
0 0 0 1 1 1 1 0 38 0 1 38 324508639 126 127 0 2 6 0 0 0 7 1 0 0
0 0 0 1 2 0 2 0 38 0 2 38 324508639 126 127 0 2 6 0 0 0 7 1 0 0
0 0 0 1 2 1 2 0 38 0 2 38 324508639 126 127 0 2 6 0 0 0 7 1 0 0
0 0 0 1 26 0 26 0 38 0 26 38 324508639 126 127 0 2 6 0 0 0 7 1 0 0
0 0 0 1 26 1 26 0 38 0 26 38 324508639 126 127 0 2 6 0 0 0 7 1 0 0
0 0 0 1 27 0 27 0 38 0 27 38 324508639 126 127 0 2 6 0 0 0 7 1 0 0
0 0 0 1 27 1 27 0 38 0 27 38 324508639 126 127 0 2 6 0 0 0 7 1 0 0
0 0 0 1 37 0 37 0 38 0 37 38 324508639 126 127 0 2 6 0 0 0 7 1 0 0
0 0 0 1 37 1 37 0 38 0 37 38 324508639 126 127 0 2 6 0 0 0 7 1 0 0
0 0 0 1 38 0 38 0 38 0 38 38 324508639 126 127 0 2 6 0 0 0 7 1 0 0
0 0 0 1 38 1 38 0 38 0 38 38 324508639 126 127 0 2 6 0 0 0 7 1 0 0
0 0 0 1 39 0 39 0 38 0 39 38 324508639 126 127 0 2 6 0 0 0 7 1 0 0
0 0 0 1 39 1 39 0 38 0 39 38 324508639 126 127 0 2 6 0 0 0 7 1 0 0
0 0 0 1 2147483648 0 2147483648 0 38 0 2147483648 38 324508639 126 127 0 2 6 0 0 0 7 1 0 0
0 0 0 1 2147483648 1 2147483648 0 38 0 2147483648 38 324508639 126 127 0 2 6 0 0 0 7 1 0 0
0 0 0 1 4294967295 0 4294967295 0 38 0 4294967295 38 324508639 126 127 0 2 6 0 0 0 7 1 0 0
0 0 0 1 4294967295 1 4294967295 0 38 0 4294967295 38 324508639 126 127 0 2 6 0 0 0 7 1 0 0
0 0 1 0 0 0 0 0 38 0 0 38 324508639 126 127 1 2 6 0 0 0 7 1 0 0
0 0 1 0 0 1 0 0 38 0 0 38 324508639 126 127 1 2 6 0 0 0 7 1 0 0
0 0 1 0 1 0 1 0 38 0 1 38 324508639 126 127 1 2 6 0 0 0 7 1 0 0
0 0 1 0 1 1 1 0 38 0 1 38 324508639 126 127 1 2 6 0 0 0 7 1 0 0
0 0 1 0 2 0 2 0 38 0 2 38 324508639 126 127 1 0
0 0 1 0 2 1 2 0 38 0 2 38 324508639 126 127 1 0
0 0 1 0 26 0 26 0 38 0 26 38 324508639 126 127 1 0
0 0 1 0 26 1 26 0 38 0 26 38 324508639 126 127 1 0
0 0 1 0 27 0 27 0 38 0 27 38 324508639 126 127 1 2 6 0 0 0 7 1 0 0
0 0 1 0 27 1 27 0 38 0 27 38 324508639 126 127 1 2 6 0 0 0 7 1 0 0
0 0 1 0 37 0 37 0 38 0 37 38 324508639 126 127 1 2 6 0 0 0 7 1 0 0
0 0 1 0 37 1 37 0 38 0 37 38 324508639 126 127 1 2 6 0 0 0 7 1 0 0
0 0 1 0 38 0 38 0 38 0 38 38 324508639 126 127 1 2 6 0 0 0 7 1 0 0
0 0 1 0 38 1 38 0 38 0 38 38 324508639 126 127 1 2 6 0 0 0 7 1 0 0
0 0 1 0 39 0 39 0 38 0 39 38 324508639 126 127 1 2 6 0 0 0 7 1 0 0
0 0 1 0 39 1 39 0 38 0 39 38 324508639 126 127 1 2 6 0 0 0 7 1 0 0
0 0 1 0 2147483648 0 2147483648 0 38 0 2147483648 38 324508639 126 127 1 2 6 0 0 0 7 1 0 0
0 0 1 0 2147483648 1 2147483648 0 38 0 2147483648 38 324508639 126 127 1 2 6 0 0 0 7 1 0 0
0 0 1 0 4294967295 0 4294967295 0 38 0 4294967295 38 324508639 126 127 1 2 6 0 0 0 7 1 0 0
0 0 1 0 4294967295 1 4294967295 0 38 0 4294967295 38 324508639 126 127 1 2 6 0 0 0 7 1 0 0
0 0 1 1 0 0 0 0 38 0 0 38 324508639 126 127 1 0
0 0 1 1 0 1 0 0 38 0 0 38 324508639 126 127 1 0
0 0 1 1 1 0 1 0 38 0 1 38 324508639 126 127 1 0
0 0 1 1 1 1 1 0 38 0 1 38 324508639 126 127 1 0
0 0 1 1 2 0 2 0 38 0 2 38 324508639 126 127 1 0
0 0 1 1 2 1 2 0 38 0 2 38 324508639 126 127 1 0
0 0 1 1 26 0 26 0 38 0 26 38 324508639 126 127 1 0
0 0 1 1 26 1 26 0 38 0 26 38 324508639 126 127 1 0
0 0 1 1 27 0 27 0 38 0 27 38 324508639 126 127 1 0
0 0 1 1 27 1 27 0 38 0 27 38 324508639 126 127 1 0
0 0 1 1 37 0 37 0 38 0 37 38 324508639 126 127 1 0
0 0 1 1 37 1 37 0 38 0 37 38 324508639 126 127 1 0
0 0 1 1 38 0 38 0 38 0 38 38 324508639 126 127 1 0
0 0 1 1 38 1 38 0 38 0 38 38 324508639 126 127 1 0
0 0 1 1 39 0 39 0 38 0 39 38 324508639 126 127 1 0
0 0 1 1 39 1 39 0 38 0 39 38 324508639 126 127 1 0
0 0 1 1 2147483648 0 2147483648 0 38 0 2147483648 38 324508639 126 127 1 0
0 0 1 1 2147483648 1 2147483648 0 38 0 2147483648 38 324508639 126 127 1 0
0 0 1 1 4294967295 0 4294967295 0 38 0 4294967295 38 324508639 126 127 1 0
0 0 1 1 4294967295 1 4294967295 0 38 0 4294967295 38 324508639 126 127 1 0
0 1 0 0 0 0 0 0 38 0 0 38 324508639 126 127 0 0
0 1 0 0 0 1 0 0 38 0 0 38 324508639 126 127 0 0
0 1 0 0 1 0 1 0 38 0 1 38 324508639 126 127 0 0
0 1 0 0 1 1 1 0 38 0 1 38 324508639 126 127 0 0
0 1 0 0 2 0 2 0 38 0 2 38 324508639 126 127 0 0
0 1 0 0 2 1 2 0 38 0 2 38 324508639 126 127 0 0
0 1 0 0 26 0 26 0 38 0 26 38 324508639 126 127 0 0
0 1 0 0 26 1 26 0 38 0 26 38 324508639 126 127 0 0
0 1 0 0 27 0 27 0 38 0 27 38 324508639 126 127 0 0
0 1 0 0 27 1 27 0 38 0 27 38 324508639 126 127 0 0
0 1 0 0 37 0 37 0 38 0 37 38 324508639 126 127 0 0
0 1 0 0 37 1 37 0 38 0 37 38 324508639 126 127 0 0
0 1 0 0 38 0 38 0 38 0 38 38 324508639 126 127 0 0
0 1 0 0 38 1 38 0 38 0 38 38 324508639 126 127 0 0
0 1 0 0 39 0 39 0 38 0 39 38 324508639 126 127 0 0
0 1 0 0 39 1 39 0 38 0 39 38 324508639 126 127 0 0
0 1 0 0 2147483648 0 2147483648 0 38 0 2147483648 38 324508639 126 127 0 0
0 1 0 0 2147483648 1 2147483648 0 38 0 2147483648 38 324508639 126 127 0 0
0 1 0 0 4294967295 0 4294967295 0 38 0 4294967295 38 324508639 126 127 0 0
0 1 0 0 4294967295 1 4294967295 0 38 0 4294967295 38 324508639 126 127 0 0
0 1 0 1 0 0 0 0 38 0 0 38 324508639 126 127 0 0
0 1 0 1 0 1 0 0 38 0 0 38 324508639 126 127 0 0
0 1 0 1 1 0 1 0 38 0 1 38 324508639 126 127 0 0
0 1 0 1 1 1 1 0 38 0 1 38 324508639 126 127 0 0
0 1 0 1 2 0 2 0 38 0 2 38 324508639 126 127 0 0
0 1 0 1 2 1 2 0 38 0 2 38 324508639 126 127 0 0
0 1 0 1 26 0 26 0 38 0 26 38 324508639 126 127 0 0
0 1 0 1 26 1 26 0 38 0 26 38 324508639 126 127 0 0
0 1 0 1 27 0 27 0 38 0 27 38 324508639 126 127 0 0
0 1 0 1 27 1 27 0 38 0 27 38 324508639 126 127 0 0
0 1 0 1 37 0 37 0 38 0 37 38 324508639 126 127 0 0
0 1 0 1 37 1 37 0 38 0 37 38 324508639 126 127 0 0
0 1 0 1 38 0 38 0 38 0 38 38 324508639 126 127 0 0
0 1 0 1 38 1 38 0 38 0 38 38 324508639 126 127 0 0
0 1 0 1 39 0 39 0 38 0 39 38 324508639 126 127 0 0
0 1 0 1 39 1 39 0 38 0 39 38 324508639 126 127 0 0
0 1 0 1 2147483648 0 2147483648 0 38 0 2147483648 38 324508639 126 127 0 0
0 1 0 1 2147483648 1 2147483648 0 38 0 2147483648 38 324508639 126 127 0 0
0 1 0 1 4294967295 0 4294967295 0 38 0 4294967295 38 324508639 126 127 0 0
0 1 0 1 4294967295 1 4294967295 0 38 0 4294967295 38 324508639 126 127 0 0
0 1 1 0 0 0 0 0 38 0 0 38 324508639 126 127 1 0
0 1 1 0 0 1 0 0 38 0 0 38 324508639 126 127 1 0
0 1 1 0 1 0 1 0 38 0 1 38 324508639 126 127 1 0
0 1 1 0 1 1 1 0 38 0 1 38 324508639 126 127 1 0
0 1 1 0 2 0 2 0 38 0 2 38 324508639 126 127 1 0
0 1 1 0 2 1 2 0 38 0 2 38 324508639 126 127 1 0
0 1 1 0 26 0 26 0 38 0 26 38 324508639 126 127 1 0
0 1 1 0 26 1 26 0 38 0 26 38 324508639 126 127 1 0
0 1 1 0 27 0 27 0 38 0 27 38 324508639 126 127 1 0
0 1 1 0 27 1 27 0 38 0 27 38 324508639 126 127 1 0
0 1 1 0 37 0 37 0 38 0 37 38 324508639 126 127 1 0
0 1 1 0 37 1 37 0 38 0 37 38 324508639 126 127 1 0
0 1 1 0 38 0 38 0 38 0 38 38 324508639 126 127 1 0
0 1 1 0 38 1 38 0 38 0 38 38 324508639 126 127 1 0
0 1 1 0 39 0 39 0 38 0 39 38 324508639 126 127 1 0
0 1 1 0 39 1 39 0 38 0 39 38 324508639 126 127 1 0
0 1 1 0 2147483648 0 2147483648 0 38 0 2147483648 38 324508639 126 127 1 0
0 1 1 0 2147483648 1 2147483648 0 38 0 2147483648 38 324508639 126 127 1 0
0 1 1 0 4294967295 0 4294967295 0 38 0 4294967295 38 324508639 126 127 1 0
0 1 1 0 4294967295 1 4294967295 0 38 0 4294967295 38 324508639 126 127 1 0
0 1 1 1 0 0 0 0 38 0 0 38 324508639 126 127 1 0
0 1 1 1 0 1 0 0 38 0 0 38 324508639 126 127 1 0
0 1 1 1 1 0 1 0 38 0 1 38 324508639 126 127 1 0
0 1 1 1 1 1 1 0 38 0 1 38 324508639 126 127 1 0
0 1 1 1 2 0 2 0 38 0 2 38 324508639 126 127 1 0
0 1 1 1 2 1 2 0 38 0 2 38 324508639 126 127 1 0
0 1 1 1 26 0 26 0 38 0 26 38 324508639 126 127 1 0
0 1 1 1 26 1 26 0 38 0 26 38 324508639 126 127 1 0
0 1 1 1 27 0 27 0 38 0 27 38 324508639 126 127 1 0
0 1 1 1 27 1 27 0 38 0 27 38 324508639 126 127 1 0
0 1 1 1 37 0 37 0 38 0 37 38 324508639 126 127 1 0
0 1 1 1 37 1 37 0 38 0 37 38 324508639 126 127 1 0
0 1 1 1 38 0 38 0 38 0 38 38 324508639 126 127 1 0
0 1 1 1 38 1 38 0 38 0 38 38 324508639 126 127 1 0
0 1 1 1 39 0 39 0 38 0 39 38 324508639 126 127 1 0
0 1 1 1 39 1 39 0 38 0 39 38 324508639 126 127 1 0
0 1 1 1 2147483648 0 2147483648 0 38 0 2147483648 38 324508639 126 127 1 0
0 1 1 1 2147483648 1 2147483648 0 38 0 2147483648 38 324508639 126 127 1 0
0 1 1 1 4294967295 0 4294967295 0 38 0 4294967295 38 324508639 126 127 1 0
0 1 1 1 4294967295 1 4294967295 0 38 0 4294967295 38 324508639 126 127 1 0
1 0 0 0 0 0 0 0 38 2 0 38 324508639 126 127 0 2 6 0 0 0 7 1 0 0
1 0 0 0 0 1 0 0 38 2 0 38 324508639 126 127 0 2 6 0 0 0 7 1 0 0
1 0 0 0 1 0 1 0 38 2 1 38 324508639 126 127 0 2 6 0 0 0 7 1 0 0
1 0 0 0 1 1 1 0 38 2 1 38 324508639 126 127 0 2 6 0 0 0 7 1 0 0
1 0 0 0 2 0 2 0 38 2 2 38 324508639 126 127 0 2 6 0 0 0 7 1 0 0
1 0 0 0 2 1 2 0 38 2 2 38 324508639 126 127 0 2 6 0 0 0 7 1 0 0
1 0 0 0 26 0 26 0 38 2 26 38 324508639 126 127 0 2 6 0 0 0 7 1 0 0
1 0 0 0 26 1 26 0 38 2 26 38 324508639 126 127 0 2 6 0 0 0 7 1 0 0
1 0 0 0 27 0 27 0 38 2 27 38 324508639 126 127 0 2 6 0 0 0 7 1 0 0
1 0 0 0 27 1 27 0 38 2 27 38 324508639 126 127 0 2 6 0 0 0 7 1 0 0
1 0 0 0 37 0 37 0 38 2 37 38 324508639 126 127 0 2 6 0 0 0 7 1 0 0
1 0 0 0 37 1 37 0 38 2 37 38 324508639 126 127 0 2 6 0 0 0 7 1 0 0
1 0 0 0 38 0 38 0 38 2 38 38 324508639 126 127 0 2 6 0 0 0 7 1 0 0
1 0 0 0 38 1 38 0 38 2 38 38 324508639 126 127 0 2 6 0 0 0 7 1 0 0
1 0 0 0 39 0 39 0 38 2 39 38 324508639 126 127 0 2 6 0 0 0 7 1 0 0
1 0 0 0 39 1 39 0 38 2 39 38 324508639 126 127 0 2 6 0 0 0 7 1 0 0
1 0 0 0 2147483648 0 2147483648 0 38 2 2147483648 38 324508639 126 127 0 2 6 0 0 0 7 1 0 0
1 0 0 0 2147483648 1 2147483648 0 38 2 2147483648 38 324508639 126 127 0 2 6 0 0 0 7 1 0 0
1 0 0 0 4294967295 0 4294967295 0 38 2 4294967295 38 324508639 126 127 0 2 6 0 0 0 7 1 0 0
1 0 0 0 4294967295 1 4294967295 0 38 2 4294967295 38 324508639 126 127 0 2 6 0 0 0 7 1 0 0
1 0 0 1 0 0 0 0 38 2 0 38 324508639 126 127 0 2 6 0 0 0 7 1 0 0
1 0 0 1 0 1 0 0 38 2 0 38 324508639 126 127 0 2 6 0 0 0 7 1 0 0
1 0 0 1 1 0 1 0 38 2 1 38 324508639 126 127 0 2 6 0 0 0 7 1 0 0
1 0 0 1 1 1 1 0 38 2 1 38 324508639 126 127 0 2 6 0 0 0 7 1 0 0
1 0 0 1 2 0 2 0 38 2 2 38 324508639 126 127 0 2 6 0 0 0 7 1 0 0
1 0 0 1 2 1 2 0 38 2 2 38 324508639 126 127 0 2 6 0 0 0 7 1 0 0
1 0 0 1 26 0 26 0 38 2 26 38 324508639 126 127 0 2 6 0 0 0 7 1 0 0
1 0 0 1 26 1 26 0 38 2 26 38 324508639 126 127 0 2 6 0 0 0 7 1 0 0
1 0 0 1 27 0 27 0 38 2 27 38 324508639 126 127 0 2 6 0 0 0 7 1 0 0
1 0 0 1 27 1 27 0 38 2 27 38 324508639 126 127 0 2 6 0 0 0 7 1 0 0
1 0 0 1 37 0 37 0 38 2 37 38 324508639 126 127 0 2 6 0 0 0 7 1 0 0
1 0 0 1 37 1 37 0 38 2 37 38 324508639 126 127 0 2 6 0 0 0 7 1 0 0
1 0 0 1 38 0 38 0 38 2 38 38 324508639 126 127 0 2 6 0 0 0 7 1 0 0
1 0 0 1 38 1 38 0 38 2 38 38 324508639 126 127 0 2 6 0 0 0 7 1 0 0
1 0 0 1 39 0 39 0 38 2 39 38 324508639 126 127 0 2 6 0 0 0 7 1 0 0
1 0 0 1 39 1 39 0 38 2 39 38 324508639 126 127 0 2 6 0 0 0 7 1 0 0
1 0 0 1 2147483648 0 2147483648 0 38 2 2147483648 38 324508639 126 127 0 2 6 0 0 0 7 1 0 0
1 0 0 1 2147483648 1 2147483648 0 38 2 2147483648 38 324508639 126 127 0 2 6 0 0 0 7 1 0 0
1 0 0 1 4294967295 0 4294967295 0 38 2 4294967295 38 324508639 126 127 0 2 6 0 0 0 7 1 0 0
1 0 0 1 4294967295 1 4294967295 0 38 2 4294967295 38 324508639 126 127 0 2 6 0 0 0 7 1 0 0
1 0 1 0 0 0 0 0 38 2 0 38 324508639 126 127 1 2 6 0 0 0 7 1 0 0
1 0 1 0 0 1 0 0 38 2 0 38 324508639 126 127 1 2 6 0 0 0 7 1 0 0
1 0 1 0 1 0 1 0 38 2 1 38 324508639 126 127 1 2 6 0 0 0 7 1 0 0
1 0 1 0 1 1 1 0 38 2 1 38 324508639 126 127 1 2 6 0 0 0 7 1 0 0
1 0 1 0 2 0 2 0 38 2 2 38 324508639 126 127 1 0
1 0 1 0 2 1 2 0 38 2 2 38 324508639 126 127 1 0
1 0 1 0 26 0 26 0 38 2 26 38 324508639 126 127 1 0
1 0 1 0 26 1 26 0 38 2 26 38 324508639 126 127 1 0
1 0 1 0 27 0 27 0 38 2 27 38 324508639 126 127 1 2 6 0 0 0 7 1 0 0
1 0 1 0 27 1 27 0 38 2 27 38 324508639 126 127 1 2 6 0 0 0 7 1 0 0
1 0 1 0 37 0 37 0 38 2 37 38 324508639 126 127 1 2 6 0 0 0 7 1 0 0
1 0 1 0 37 1 37 0 38 2 37 38 324508639 126 127 1 2 6 0 0 0 7 1 0 0
1 0 1 0 38 0 38 0 38 2 38 38 324508639 126 127 1 2 6 0 0 0 7 1 0 0
1 0 1 0 38 1 38 0 38 2 38 38 324508639 126 127 1 2 6 0 0 0 7 1 0 0
1 0 1 0 39 0 39 0 38 2 39 38 324508639 126 127 1 2 6 0 0 0 7 1 0 0
1 0 1 0 39 1 39 0 38 2 39 38 324508639 126 127 1 2 6 0 0 0 7 1 0 0
1 0 1 0 2147483648 0 2147483648 0 38 2 2147483648 38 324508639 126 127 1 2 6 0 0 0 7 1 0 0
1 0 1 0 2147483648 1 2147483648 0 38 2 2147483648 38 324508639 126 127 1 2 6 0 0 0 7 1 0 0
1 0 1 0 4294967295 0 4294967295 0 38 2 4294967295 38 324508639 126 127 1 2 6 0 0 0 7 1 0 0
1 0 1 0 4294967295 1 4294967295 0 38 2 4294967295 38 324508639 126 127 1 2 6 0 0 0 7 1 0 0
1 0 1 1 0 0 0 0 38 2 0 38 324508639 126 127 1 0
1 0 1 1 0 1 0 0 38 2 0 38 324508639 126 127 1 0
1 0 1 1 1 0 1 0 38 2 1 38 324508639 126 127 1 0
1 0 1 1 1 1 1 0 38 2 1 38 324508639 126 127 1 0
1 0 1 1 2 0 2 0 38 2 2 38 324508639 126 127 1 0
1 0 1 1 2 1 2 0 38 2 2 38 324508639 126 127 1 0
1 0 1 1 26 0 26 0 38 2 26 38 324508639 126 127 1 0
1 0 1 1 26 1 26 0 38 2 26 38 324508639 126 127 1 0
1 0 1 1 27 0 27 0 38 2 27 38 324508639 126 127 1 0
1 0 1 1 27 1 27 0 38 2 27 38 324508639 126 127 1 0
1 0 1 1 37 0 37 0 38 2 37 38 324508639 126 127 1 0
1 0 1 1 37 1 37 0 38 2 37 38 324508639 126 127 1 0
1 0 1 1 38 0 38 0 38 2 38 38 324508639 126 127 1 0
1 0 1 1 38 1 38 0 38 2 38 38 324508639 126 127 1 0
1 0 1 1 39 0 39 0 38 2 39 38 324508639 126 127 1 0
1 0 1 1 39 1 39 0 38 2 39 38 324508639 126 127 1 0
1 0 1 1 2147483648 0 2147483648 0 38 2 2147483648 38 324508639 126 127 1 0
1 0 1 1 2147483648 1 2147483648 0 38 2 2147483648 38 324508639 126 127 1 0
1 0 1 1 4294967295 0 4294967295 0 38 2 4294967295 38 324508639 126 127 1 0
1 0 1 1 4294967295 1 4294967295 0 38 2 4294967295 38 324508639 126 127 1 0
1 1 0 0 0 0 0 0 38 1 0 38 324508639 126 127 0 0
1 1 0 0 0 1 0 0 38 1 0 38 324508639 126 127 0 0
1 1 0 0 1 0 1 0 38 1 1 38 324508639 126 127 0 0
1 1 0 0 1 1 1 0 38 1 1 38 324508639 126 127 0 0
1 1 0 0 2 0 2 0 38 1 2 38 324508639 126 127 0 0
1 1 0 0 2 1 2 0 38 1 2 38 324508639 126 127 0 0
1 1 0 0 26 0 26 0 38 1 26 38 324508639 126 127 0 0
1 1 0 0 26 1 26 0 38 1 26 38 324508639 126 127 0 0
1 1 0 0 27 0 27 0 38 1 27 38 324508639 126 127 0 0
1 1 0 0 27 1 27 0 38 1 27 38 324508639 126 127 0 0
1 1 0 0 37 0 37 0 38 1 37 38 324508639 126 127 0 0
1 1 0 0 37 1 37 0 38 1 37 38 324508639 126 127 0 0
1 1 0 0 38 0 38 0 38 1 38 38 324508639 126 127 0 0
1 1 0 0 38 1 38 0 38 1 38 38 324508639 126 127 0 0
1 1 0 0 39 0 39 0 38 1 39 38 324508639 126 127 0 0
1 1 0 0 39 1 39 0 38 1 39 38 324508639 126 127 0 0
1 1 0 0 2147483648 0 2147483648 0 38 1 2147483648 38 324508639 126 127 0 0
1 1 0 0 2147483648 1 2147483648 0 38 1 2147483648 38 324508639 126 127 0 0
1 1 0 0 4294967295 0 4294967295 0 38 1 4294967295 38 324508639 126 127 0 0
1 1 0 0 4294967295 1 4294967295 0 38 1 4294967295 38 324508639 126 127 0 0
1 1 0 1 0 0 0 0 38 1 0 38 324508639 126 127 0 0
1 1 0 1 0 1 0 0 38 1 0 38 324508639 126 127 0 0
1 1 0 1 1 0 1 0 38 1 1 38 324508639 126 127 0 0
1 1 0 1 1 1 1 0 38 1 1 38 324508639 126 127 0 0
1 1 0 1 2 0 2 0 38 1 2 38 324508639 126 127 0 0
1 1 0 1 2 1 2 0 38 1 2 38 324508639 126 127 0 0
1 1 0 1 26 0 26 0 38 1 26 38 324508639 126 127 0 0
1 1 0 1 26 1 26 0 38 1 26 38 324508639 126 127 0 0
1 1 0 1 27 0 27 0 38 1 27 38 324508639 126 127 0 0
1 1 0 1 27 1 27 0 38 1 27 38 324508639 126 127 0 0
1 1 0 1 37 0 37 0 38 1 37 38 324508639 126 127 0 0
1 1 0 1 37 1 37 0 38 1 37 38 324508639 126 127 0 0
1 1 0 1 38 0 38 0 38 1 38 38 324508639 126 127 0 0
1 1 0 1 38 1 38 0 38 1 38 38 324508639 126 127 0 0
1 1 0 1 39 0 39 0 38 1 39 38 324508639 126 127 0 0
1 1 0 1 39 1 39 0 38 1 39 38 324508639 126 127 0 0
1 1 0 1 2147483648 0 2147483648 0 38 1 2147483648 38 324508639 126 127 0 0
1 1 0 1 2147483648 1 2147483648 0 38 1 2147483648 38 324508639 126 127 0 0
1 1 0 1 4294967295 0 4294967295 0 38 1 4294967295 38 324508639 126 127 0 0
1 1 0 1 4294967295 1 4294967295 0 38 1 4294967295 38 324508639 126 127 0 0
1 1 1 0 0 0 0 0 38 1 0 38 324508639 126 127 1 0
1 1 1 0 0 1 0 0 38 1 0 38 324508639 126 127 1 0
1 1 1 0 1 0 1 0 38 1 1 38 324508639 126 127 1 0
1 1 1 0 1 1 1 0 38 1 1 38 324508639 126 127 1 0
1 1 1 0 2 0 2 0 38 1 2 38 324508639 126 127 1 0
1 1 1 0 2 1 2 0 38 1 2 38 324508639 126 127 1 0
1 1 1 0 26 0 26 0 38 1 26 38 324508639 126 127 1 0
1 1 1 0 26 1 26 0 38 1 26 38 324508639 126 127 1 0
1 1 1 0 27 0 27 0 38 1 27 38 324508639 126 127 1 0
1 1 1 0 27 1 27 0 38 1 27 38 324508639 126 127 1 0
1 1 1 0 37 0 37 0 38 1 37 38 324508639 126 127 1 0
1 1 1 0 37 1 37 0 38 1 37 38 324508639 126 127 1 0
1 1 1 0 38 0 38 0 38 1 38 38 324508639 126 127 1 0
1 1 1 0 38 1 38 0 38 1 38 38 324508639 126 127 1 0
1 1 1 0 39 0 39 0 38 1 39 38 324508639 126 127 1 0
1 1 1 0 39 1 39 0 38 1 39 38 324508639 126 127 1 0
1 1 1 0 2147483648 0 2147483648 0 38 1 2147483648 38 324508639 126 127 1 0
1 1 1 0 2147483648 1 2147483648 0 38 1 2147483648 38 324508639 126 127 1 0
1 1 1 0 4294967295 0 4294967295 0 38 1 4294967295 38 324508639 126 127 1 0
1 1 1 0 4294967295 1 4294967295 0 38 1 4294967295 38 324508639 126 127 1 0
1 1 1 1 0 0 0 0 38 1 0 38 324508639 126 127 1 0
1 1 1 1 0 1 0 0 38 1 0 38 324508639 126 127 1 0
1 1 1 1 1 0 1 0 38 1 1 38 324508639 126 127 1 0
1 1 1 1 1 1 1 0 38 1 1 38 324508639 126 127 1 0
1 1 1 1 2 0 2 0 38 1 2 38 324508639 126 127 1 0
1 1 1 1 2 1 2 0 38 1 2 38 324508639 126 127 1 0
1 1 1 1 26 0 26 0 38 1 26 38 324508639 126 127 1 0
1 1 1 1 26 1 26 0 38 1 26 38 324508639 126 127 1 0
1 1 1 1 27 0 27 0 38 1 27 38 324508639 126 127 1 0
1 1 1 1 27 1 27 0 38 1 27 38 324508639 126 127 1 0
1 1 1 1 37 0 37 0 38 1 37 38 324508639 126 127 1 0
1 1 1 1 37 1 37 0 38 1 37 38 324508639 126 127 1 0
1 1 1 1 38 0 38 0 38 1 38 38 324508639 126 127 1 0
1 1 1 1 38 1 38 0 38 1 38 38 324508639 126 127 1 0
1 1 1 1 39 0 39 0 38 1 39 38 324508639 126 127 1 0
1 1 1 1 39 1 39 0 38 1 39 38 324508639 126 127 1 0
1 1 1 1 2147483648 0 2147483648 0 38 1 2147483648 38 324508639 126 127 1 0
1 1 1 1 2147483648 1 2147483648 0 38 1 2147483648 38 324508639 126 127 1 0
1 1 1 1 4294967295 0 4294967295 0 38 1 4294967295 38 324508639 126 127 1 0
1 1 1 1 4294967295 1 4294967295 0 38 1 4294967295 38 324508639 126 127 1 0
2 0 1 0 0 0 0 0 38 3 0 38 324508639 126 127 1 3 4 1 0 0 6 0 0 0 7 1 0 0
2 0 1 0 0 1 0 0 38 3 0 38 324508639 126 127 1 3 4 1 0 0 6 0 0 0 7 1 0 0
2 0 1 0 1 0 1 0 38 3 0 38 324508639 126 127 1 3 4 1 0 0 6 0 0 0 7 1 0 0
2 0 1 0 1 1 1 0 38 3 0 38 324508639 126 127 1 3 4 1 0 0 6 0 0 0 7 1 0 0
2 0 1 0 2 0 2 0 38 3 0 38 324508639 126 127 1 3 4 1 0 0 6 0 0 0 7 1 0 0
2 0 1 0 2 1 2 0 38 3 0 38 324508639 126 127 1 3 4 1 0 0 6 0 0 0 7 1 0 0
2 0 1 0 26 0 26 0 38 3 0 38 324508639 126 127 1 3 4 1 0 0 6 0 0 0 7 1 0 0
2 0 1 0 26 1 26 0 38 3 0 38 324508639 126 127 1 3 4 1 0 0 6 0 0 0 7 1 0 0
2 0 1 0 27 0 27 0 38 3 0 38 324508639 126 127 1 3 4 1 0 0 6 0 0 0 7 1 0 0
2 0 1 0 27 1 27 0 38 3 0 38 324508639 126 127 1 3 4 1 0 0 6 0 0 0 7 1 0 0
2 0 1 0 37 0 37 0 38 3 0 38 324508639 126 127 1 3 4 1 0 0 6 0 0 0 7 1 0 0
2 0 1 0 37 1 37 0 38 3 0 38 324508639 126 127 1 3 4 1 0 0 6 0 0 0 7 1 0 0
2 0 1 0 38 0 38 0 38 3 0 38 324508639 126 127 1 3 4 1 0 0 6 0 0 0 7 1 0 0
2 0 1 0 38 1 38 0 38 3 0 38 324508639 126 127 1 3 4 1 0 0 6 0 0 0 7 1 0 0
2 0 1 0 39 0 39 0 38 3 0 38 324508639 126 127 1 3 4 1 0 0 6 0 0 0 7 1 0 0
2 0 1 0 39 1 39 0 38 3 0 38 324508639 126 127 1 3 4 1 0 0 6 0 0 0 7 1 0 0
2 0 1 0 2147483648 0 2147483648 0 38 3 0 38 324508639 126 127 1 3 4 1 0 0 6 0 0 0 7 1 0 0
2 0 1 0 2147483648 1 2147483648 0 38 3 0 38 324508639 126 127 1 3 4 1 0 0 6 0 0 0 7 1 0 0
2 0 1 0 4294967295 0 4294967295 0 38 3 0 38 324508639 126 127 1 3 4 1 0 0 6 0 0 0 7 1 0 0
2 0 1 0 4294967295 1 4294967295 0 38 3 0 38 324508639 126 127 1 3 4 1 0 0 6 0 0 0 7 1 0 0
2 0 1 1 0 0 0 0 38 3 0 38 324508639 126 127 1 1 4 1 0 0
2 0 1 1 0 1 0 0 38 3 0 38 324508639 126 127 1 1 4 1 0 0
2 0 1 1 1 0 1 0 38 3 0 38 324508639 126 127 1 1 4 1 0 0
2 0 1 1 1 1 1 0 38 3 0 38 324508639 126 127 1 1 4 1 0 0
2 0 1 1 2 0 2 0 38 3 0 38 324508639 126 127 1 1 4 1 0 0
2 0 1 1 2 1 2 0 38 3 0 38 324508639 126 127 1 1 4 1 0 0
2 0 1 1 26 0 26 0 38 3 0 38 324508639 126 127 1 1 4 1 0 0
2 0 1 1 26 1 26 0 38 3 0 38 324508639 126 127 1 1 4 1 0 0
2 0 1 1 27 0 27 0 38 3 0 38 324508639 126 127 1 1 4 1 0 0
2 0 1 1 27 1 27 0 38 3 0 38 324508639 126 127 1 1 4 1 0 0
2 0 1 1 37 0 37 0 38 3 0 38 324508639 126 127 1 1 4 1 0 0
2 0 1 1 37 1 37 0 38 3 0 38 324508639 126 127 1 1 4 1 0 0
2 0 1 1 38 0 38 0 38 3 0 38 324508639 126 127 1 1 4 1 0 0
2 0 1 1 38 1 38 0 38 3 0 38 324508639 126 127 1 1 4 1 0 0
2 0 1 1 39 0 39 0 38 3 0 38 324508639 126 127 1 1 4 1 0 0
2 0 1 1 39 1 39 0 38 3 0 38 324508639 126 127 1 1 4 1 0 0
2 0 1 1 2147483648 0 2147483648 0 38 3 0 38 324508639 126 127 1 1 4 1 0 0
2 0 1 1 2147483648 1 2147483648 0 38 3 0 38 324508639 126 127 1 1 4 1 0 0
2 0 1 1 4294967295 0 4294967295 0 38 3 0 38 324508639 126 127 1 1 4 1 0 0
2 0 1 1 4294967295 1 4294967295 0 38 3 0 38 324508639 126 127 1 1 4 1 0 0
2 1 0 0 0 0 0 0 38 2 0 38 324508639 126 127 0 0
2 1 0 0 0 1 0 0 38 2 0 38 324508639 126 127 0 0
2 1 0 0 1 0 1 0 38 2 1 38 324508639 126 127 0 0
2 1 0 0 1 1 1 0 38 2 1 38 324508639 126 127 0 0
2 1 0 0 2 0 2 0 38 2 2 38 324508639 126 127 0 0
2 1 0 0 2 1 2 0 38 2 2 38 324508639 126 127 0 0
2 1 0 0 26 0 26 0 38 2 26 38 324508639 126 127 0 0
2 1 0 0 26 1 26 0 38 2 26 38 324508639 126 127 0 0
2 1 0 0 27 0 27 0 38 2 27 38 324508639 126 127 0 0
2 1 0 0 27 1 27 0 38 2 27 38 324508639 126 127 0 0
2 1 0 0 37 0 37 0 38 2 37 38 324508639 126 127 0 0
2 1 0 0 37 1 37 0 38 2 37 38 324508639 126 127 0 0
2 1 0 0 38 0 38 0 38 2 38 38 324508639 126 127 0 0
2 1 0 0 38 1 38 0 38 2 38 38 324508639 126 127 0 0
2 1 0 0 39 0 39 0 38 2 39 38 324508639 126 127 0 0
2 1 0 0 39 1 39 0 38 2 39 38 324508639 126 127 0 0
2 1 0 0 2147483648 0 2147483648 0 38 2 2147483648 38 324508639 126 127 0 0
2 1 0 0 2147483648 1 2147483648 0 38 2 2147483648 38 324508639 126 127 0 0
2 1 0 0 4294967295 0 4294967295 0 38 2 4294967295 38 324508639 126 127 0 0
2 1 0 0 4294967295 1 4294967295 0 38 2 4294967295 38 324508639 126 127 0 0
2 1 0 1 0 0 0 0 38 2 0 38 324508639 126 127 0 0
2 1 0 1 0 1 0 0 38 2 0 38 324508639 126 127 0 0
2 1 0 1 1 0 1 0 38 2 1 38 324508639 126 127 0 0
2 1 0 1 1 1 1 0 38 2 1 38 324508639 126 127 0 0
2 1 0 1 2 0 2 0 38 2 2 38 324508639 126 127 0 0
2 1 0 1 2 1 2 0 38 2 2 38 324508639 126 127 0 0
2 1 0 1 26 0 26 0 38 2 26 38 324508639 126 127 0 0
2 1 0 1 26 1 26 0 38 2 26 38 324508639 126 127 0 0
2 1 0 1 27 0 27 0 38 2 27 38 324508639 126 127 0 0
2 1 0 1 27 1 27 0 38 2 27 38 324508639 126 127 0 0
2 1 0 1 37 0 37 0 38 2 37 38 324508639 126 127 0 0
2 1 0 1 37 1 37 0 38 2 37 38 324508639 126 127 0 0
2 1 0 1 38 0 38 0 38 2 38 38 324508639 126 127 0 0
2 1 0 1 38 1 38 0 38 2 38 38 324508639 126 127 0 0
2 1 0 1 39 0 39 0 38 2 39 38 324508639 126 127 0 0
2 1 0 1 39 1 39 0 38 2 39 38 324508639 126 127 0 0
2 1 0 1 2147483648 0 2147483648 0 38 2 2147483648 38 324508639 126 127 0 0
2 1 0 1 2147483648 1 2147483648 0 38 2 2147483648 38 324508639 126 127 0 0
2 1 0 1 4294967295 0 4294967295 0 38 2 4294967295 38 324508639 126 127 0 0
2 1 0 1 4294967295 1 4294967295 0 38 2 4294967295 38 324508639 126 127 0 0
2 1 1 0 0 0 0 0 38 2 0 38 324508639 126 127 1 0
2 1 1 0 0 1 0 0 38 2 0 38 324508639 126 127 1 0
2 1 1 0 1 0 1 0 38 2 1 38 324508639 126 127 1 0
2 1 1 0 1 1 1 0 38 2 1 38 324508639 126 127 1 0
2 1 1 0 2 0 2 0 38 2 2 38 324508639 126 127 1 0
2 1 1 0 2 1 2 0 38 2 2 38 324508639 126 127 1 0
2 1 1 0 26 0 26 0 38 2 26 38 324508639 126 127 1 0
2 1 1 0 26 1 26 0 38 2 26 38 324508639 126 127 1 0
2 1 1 0 27 0 27 0 38 2 27 38 324508639 126 127 1 0
2 1 1 0 27 1 27 0 38 2 27 38 324508639 126 127 1 0
2 1 1 0 37 0 37 0 38 2 37 38 324508639 126 127 1 0
2 1 1 0 37 1 37 0 38 2 37 38 324508639 126 127 1 0
2 1 1 0 38 0 38 0 38 2 38 38 324508639 126 127 1 0
2 1 1 0 38 1 38 0 38 2 38 38 324508639 126 127 1 0
2 1 1 0 39 0 39 0 38 2 39 38 324508639 126 127 1 0
2 1 1 0 39 1 39 0 38 2 39 38 324508639 126 127 1 0
2 1 1 0 2147483648 0 2147483648 0 38 2 2147483648 38 324508639 126 127 1 0
2 1 1 0 2147483648 1 2147483648 0 38 2 2147483648 38 324508639 126 127 1 0
2 1 1 0 4294967295 0 4294967295 0 38 2 4294967295 38 324508639 126 127 1 0
2 1 1 0 4294967295 1 4294967295 0 38 2 4294967295 38 324508639 126 127 1 0
2 1 1 1 0 0 0 0 38 2 0 38 324508639 126 127 1 0
2 1 1 1 0 1 0 0 38 2 0 38 324508639 126 127 1 0
2 1 1 1 1 0 1 0 38 2 1 38 324508639 126 127 1 0
2 1 1 1 1 1 1 0 38 2 1 38 324508639 126 127 1 0
2 1 1 1 2 0 2 0 38 2 2 38 324508639 126 127 1 0
2 1 1 1 2 1 2 0 38 2 2 38 324508639 126 127 1 0
2 1 1 1 26 0 26 0 38 2 26 38 324508639 126 127 1 0
2 1 1 1 26 1 26 0 38 2 26 38 324508639 126 127 1 0
2 1 1 1 27 0 27 0 38 2 27 38 324508639 126 127 1 0
2 1 1 1 27 1 27 0 38 2 27 38 324508639 126 127 1 0
2 1 1 1 37 0 37 0 38 2 37 38 324508639 126 127 1 0
2 1 1 1 37 1 37 0 38 2 37 38 324508639 126 127 1 0
2 1 1 1 38 0 38 0 38 2 38 38 324508639 126 127 1 0
2 1 1 1 38 1 38 0 38 2 38 38 324508639 126 127 1 0
2 1 1 1 39 0 39 0 38 2 39 38 324508639 126 127 1 0
2 1 1 1 39 1 39 0 38 2 39 38 324508639 126 127 1 0
2 1 1 1 2147483648 0 2147483648 0 38 2 2147483648 38 324508639 126 127 1 0
2 1 1 1 2147483648 1 2147483648 0 38 2 2147483648 38 324508639 126 127 1 0
2 1 1 1 4294967295 0 4294967295 0 38 2 4294967295 38 324508639 126 127 1 0
2 1 1 1 4294967295 1 4294967295 0 38 2 4294967295 38 324508639 126 127 1 0
3 0 1 0 0 0 0 0 38 3 0 38 324508639 126 127 1 3 5 1 0 0 6 0 0 0 7 1 0 0
3 0 1 0 0 1 0 0 38 3 0 38 324508639 126 127 1 3 5 1 0 0 6 0 0 0 7 1 0 0
3 0 1 0 1 0 1 0 38 3 1 38 324508639 126 127 1 3 5 1 0 0 6 0 0 0 7 1 0 0
3 0 1 0 1 1 1 0 38 3 1 38 324508639 126 127 1 3 5 1 0 0 6 0 0 0 7 1 0 0
3 0 1 0 2 0 2 0 38 3 2 38 324508639 126 127 1 1 5 1 0 0
3 0 1 0 2 1 2 0 38 3 2 38 324508639 126 127 1 1 5 1 0 0
3 0 1 0 26 0 26 0 38 3 26 38 324508639 126 127 1 1 5 1 0 0
3 0 1 0 26 1 26 0 38 3 26 38 324508639 126 127 1 1 5 1 0 0
3 0 1 0 27 0 27 0 38 3 27 38 324508639 126 127 1 3 5 1 0 0 6 0 0 0 7 1 0 0
3 0 1 0 27 1 27 0 38 3 27 38 324508639 126 127 1 3 5 1 0 0 6 0 0 0 7 1 0 0
3 0 1 0 37 0 37 0 38 3 37 38 324508639 126 127 1 3 5 1 0 0 6 0 0 0 7 1 0 0
3 0 1 0 37 1 37 0 38 3 37 38 324508639 126 127 1 3 5 1 0 0 6 0 0 0 7 1 0 0
3 0 1 0 38 0 38 0 38 4 38 38 324508639 126 127 1 3 5 1 0 0 6 0 0 0 7 1 0 0
3 0 1 0 38 1 38 0 38 4 38 38 324508639 126 127 1 3 5 1 0 0 6 0 0 0 7 1 0 0
3 0 1 0 39 0 39 0 38 3 39 38 324508639 126 127 1 3 5 1 0 0 6 0 0 0 7 1 0 0
3 0 1 0 39 1 39 0 38 3 39 38 324508639 126 127 1 3 5 1 0 0 6 0 0 0 7 1 0 0
3 0 1 0 2147483648 0 2147483648 0 38 3 2147483648 38 324508639 126 127 1 3 5 1 0 0 6 0 0 0 7 1 0 0
3 0 1 0 2147483648 1 2147483648 0 38 3 2147483648 38 324508639 126 127 1 3 5 1 0 0 6 0 0 0 7 1 0 0
3 0 1 0 4294967295 0 4294967295 0 38 3 4294967295 38 324508639 126 127 1 3 5 1 0 0 6 0 0 0 7 1 0 0
3 0 1 0 4294967295 1 4294967295 0 38 3 4294967295 38 324508639 126 127 1 3 5 1 0 0 6 0 0 0 7 1 0 0
3 0 1 1 0 0 0 0 38 3 0 38 324508639 126 127 1 1 5 1 0 0
3 0 1 1 0 1 0 0 38 3 0 38 324508639 126 127 1 1 5 1 0 0
3 0 1 1 1 0 1 0 38 3 1 38 324508639 126 127 1 1 5 1 0 0
3 0 1 1 1 1 1 0 38 3 1 38 324508639 126 127 1 1 5 1 0 0
3 0 1 1 2 0 2 0 38 3 2 38 324508639 126 127 1 1 5 1 0 0
3 0 1 1 2 1 2 0 38 3 2 38 324508639 126 127 1 1 5 1 0 0
3 0 1 1 26 0 26 0 38 3 26 38 324508639 126 127 1 1 5 1 0 0
3 0 1 1 26 1 26 0 38 3 26 38 324508639 126 127 1 1 5 1 0 0
3 0 1 1 27 0 27 0 38 3 27 38 324508639 126 127 1 1 5 1 0 0
3 0 1 1 27 1 27 0 38 3 27 38 324508639 126 127 1 1 5 1 0 0
3 0 1 1 37 0 37 0 38 3 37 38 324508639 126 127 1 1 5 1 0 0
3 0 1 1 37 1 37 0 38 3 37 38 324508639 126 127 1 1 5 1 0 0
3 0 1 1 38 0 38 0 38 4 38 38 324508639 126 127 1 1 5 1 0 0
3 0 1 1 38 1 38 0 38 4 38 38 324508639 126 127 1 1 5 1 0 0
3 0 1 1 39 0 39 0 38 3 39 38 324508639 126 127 1 1 5 1 0 0
3 0 1 1 39 1 39 0 38 3 39 38 324508639 126 127 1 1 5 1 0 0
3 0 1 1 2147483648 0 2147483648 0 38 3 2147483648 38 324508639 126 127 1 1 5 1 0 0
3 0 1 1 2147483648 1 2147483648 0 38 3 2147483648 38 324508639 126 127 1 1 5 1 0 0
3 0 1 1 4294967295 0 4294967295 0 38 3 4294967295 38 324508639 126 127 1 1 5 1 0 0
3 0 1 1 4294967295 1 4294967295 0 38 3 4294967295 38 324508639 126 127 1 1 5 1 0 0
3 1 0 0 0 0 0 0 38 3 0 38 324508639 126 127 0 0
3 1 0 0 0 1 0 0 38 3 0 38 324508639 126 127 0 0
3 1 0 0 1 0 1 0 38 3 1 38 324508639 126 127 0 0
3 1 0 0 1 1 1 0 38 3 1 38 324508639 126 127 0 0
3 1 0 0 2 0 2 0 38 3 2 38 324508639 126 127 0 0
3 1 0 0 2 1 2 0 38 3 2 38 324508639 126 127 0 0
3 1 0 0 26 0 26 0 38 3 26 38 324508639 126 127 0 0
3 1 0 0 26 1 26 0 38 3 26 38 324508639 126 127 0 0
3 1 0 0 27 0 27 0 38 3 27 38 324508639 126 127 0 0
3 1 0 0 27 1 27 0 38 3 27 38 324508639 126 127 0 0
3 1 0 0 37 0 37 0 38 3 37 38 324508639 126 127 0 0
3 1 0 0 37 1 37 0 38 3 37 38 324508639 126 127 0 0
3 1 0 0 38 0 38 0 38 3 38 38 324508639 126 127 0 0
3 1 0 0 38 1 38 0 38 3 38 38 324508639 126 127 0 0
3 1 0 0 39 0 39 0 38 3 39 38 324508639 126 127 0 0
3 1 0 0 39 1 39 0 38 3 39 38 324508639 126 127 0 0
3 1 0 0 2147483648 0 2147483648 0 38 3 2147483648 38 324508639 126 127 0 0
3 1 0 0 2147483648 1 2147483648 0 38 3 2147483648 38 324508639 126 127 0 0
3 1 0 0 4294967295 0 4294967295 0 38 3 4294967295 38 324508639 126 127 0 0
3 1 0 0 4294967295 1 4294967295 0 38 3 4294967295 38 324508639 126 127 0 0
3 1 0 1 0 0 0 0 38 3 0 38 324508639 126 127 0 0
3 1 0 1 0 1 0 0 38 3 0 38 324508639 126 127 0 0
3 1 0 1 1 0 1 0 38 3 1 38 324508639 126 127 0 0
3 1 0 1 1 1 1 0 38 3 1 38 324508639 126 127 0 0
3 1 0 1 2 0 2 0 38 3 2 38 324508639 126 127 0 0
3 1 0 1 2 1 2 0 38 3 2 38 324508639 126 127 0 0
3 1 0 1 26 0 26 0 38 3 26 38 324508639 126 127 0 0
3 1 0 1 26 1 26 0 38 3 26 38 324508639 126 127 0 0
3 1 0 1 27 0 27 0 38 3 27 38 324508639 126 127 0 0
3 1 0 1 27 1 27 0 38 3 27 38 324508639 126 127 0 0
3 1 0 1 37 0 37 0 38 3 37 38 324508639 126 127 0 0
3 1 0 1 37 1 37 0 38 3 37 38 324508639 126 127 0 0
3 1 0 1 38 0 38 0 38 3 38 38 324508639 126 127 0 0
3 1 0 1 38 1 38 0 38 3 38 38 324508639 126 127 0 0
3 1 0 1 39 0 39 0 38 3 39 38 324508639 126 127 0 0
3 1 0 1 39 1 39 0 38 3 39 38 324508639 126 127 0 0
3 1 0 1 2147483648 0 2147483648 0 38 3 2147483648 38 324508639 126 127 0 0
3 1 0 1 2147483648 1 2147483648 0 38 3 2147483648 38 324508639 126 127 0 0
3 1 0 1 4294967295 0 4294967295 0 38 3 4294967295 38 324508639 126 127 0 0
3 1 0 1 4294967295 1 4294967295 0 38 3 4294967295 38 324508639 126 127 0 0
3 1 1 0 0 0 0 0 38 3 0 38 324508639 126 127 1 0
3 1 1 0 0 1 0 0 38 3 0 38 324508639 126 127 1 0
3 1 1 0 1 0 1 0 38 3 1 38 324508639 126 127 1 0
3 1 1 0 1 1 1 0 38 3 1 38 324508639 126 127 1 0
3 1 1 0 2 0 2 0 38 3 2 38 324508639 126 127 1 0
3 1 1 0 2 1 2 0 38 3 2 38 324508639 126 127 1 0
3 1 1 0 26 0 26 0 38 3 26 38 324508639 126 127 1 0
3 1 1 0 26 1 26 0 38 3 26 38 324508639 126 127 1 0
3 1 1 0 27 0 27 0 38 3 27 38 324508639 126 127 1 0
3 1 1 0 27 1 27 0 38 3 27 38 324508639 126 127 1 0
3 1 1 0 37 0 37 0 38 3 37 38 324508639 126 127 1 0
3 1 1 0 37 1 37 0 38 3 37 38 324508639 126 127 1 0
3 1 1 0 38 0 38 0 38 3 38 38 324508639 126 127 1 0
3 1 1 0 38 1 38 0 38 3 38 38 324508639 126 127 1 0
3 1 1 0 39 0 39 0 38 3 39 38 324508639 126 127 1 0
3 1 1 0 39 1 39 0 38 3 39 38 324508639 126 127 1 0
3 1 1 0 2147483648 0 2147483648 0 38 3 2147483648 38 324508639 126 127 1 0
3 1 1 0 2147483648 1 2147483648 0 38 3 2147483648 38 324508639 126 127 1 0
3 1 1 0 4294967295 0 4294967295 0 38 3 4294967295 38 324508639 126 127 1 0
3 1 1 0 4294967295 1 4294967295 0 38 3 4294967295 38 324508639 126 127 1 0
3 1 1 1 0 0 0 0 38 3 0 38 324508639 126 127 1 0
3 1 1 1 0 1 0 0 38 3 0 38 324508639 126 127 1 0
3 1 1 1 1 0 1 0 38 3 1 38 324508639 126 127 1 0
3 1 1 1 1 1 1 0 38 3 1 38 324508639 126 127 1 0
3 1 1 1 2 0 2 0 38 3 2 38 324508639 126 127 1 0
3 1 1 1 2 1 2 0 38 3 2 38 324508639 126 127 1 0
3 1 1 1 26 0 26 0 38 3 26 38 324508639 126 127 1 0
3 1 1 1 26 1 26 0 38 3 26 38 324508639 126 127 1 0
3 1 1 1 27 0 27 0 38 3 27 38 324508639 126 127 1 0
3 1 1 1 27 1 27 0 38 3 27 38 324508639 126 127 1 0
3 1 1 1 37 0 37 0 38 3 37 38 324508639 126 127 1 0
3 1 1 1 37 1 37 0 38 3 37 38 324508639 126 127 1 0
3 1 1 1 38 0 38 0 38 3 38 38 324508639 126 127 1 0
3 1 1 1 38 1 38 0 38 3 38 38 324508639 126 127 1 0
3 1 1 1 39 0 39 0 38 3 39 38 324508639 126 127 1 0
3 1 1 1 39 1 39 0 38 3 39 38 324508639 126 127 1 0
3 1 1 1 2147483648 0 2147483648 0 38 3 2147483648 38 324508639 126 127 1 0
3 1 1 1 2147483648 1 2147483648 0 38 3 2147483648 38 324508639 126 127 1 0
3 1 1 1 4294967295 0 4294967295 0 38 3 4294967295 38 324508639 126 127 1 0
3 1 1 1 4294967295 1 4294967295 0 38 3 4294967295 38 324508639 126 127 1 0
4 0 1 0 0 0 0 0 38 4 0 38 0 0 127 1 5 1 0 0 0 2 0 0 0 5 1 0 0 6 0 0 0 7 1 0 0
4 0 1 0 0 1 0 0 38 4 0 38 0 1 127 1 7 1 0 0 0 2 1 0 0 1 0 1 0 3 0 0 0 5 1 0 0 6 0 0 0 7 1 0 0
4 0 1 0 1 0 1 0 38 4 1 38 0 0 127 1 5 1 0 0 0 2 0 0 0 5 1 0 0 6 0 0 0 7 1 0 0
4 0 1 0 1 1 1 0 38 4 1 38 0 1 127 1 7 1 0 0 0 2 1 0 0 1 0 1 0 3 0 0 0 5 1 0 0 6 0 0 0 7 1 0 0
4 0 1 0 2 0 2 0 38 4 2 38 0 0 127 1 3 1 0 0 0 2 0 0 0 5 1 0 0
4 0 1 0 2 1 2 0 38 4 2 38 0 1 127 1 5 1 0 0 0 2 1 0 0 1 0 1 0 3 0 0 0 5 1 0 0
4 0 1 0 26 0 26 0 38 4 26 38 0 0 127 1 3 1 0 0 0 2 0 0 0 5 1 0 0
4 0 1 0 26 1 26 0 38 4 26 38 0 1 127 1 5 1 0 0 0 2 1 0 0 1 0 1 0 3 0 0 0 5 1 0 0
4 0 1 0 27 0 27 0 38 4 27 38 0 0 127 1 5 1 0 0 0 2 0 0 0 5 1 0 0 6 0 0 0 7 1 0 0
4 0 1 0 27 1 27 0 38 4 27 38 0 1 127 1 7 1 0 0 0 2 1 0 0 1 0 1 0 3 0 0 0 5 1 0 0 6 0 0 0 7 1 0 0
4 0 1 0 37 0 37 0 38 4 37 38 0 0 127 1 5 1 0 0 0 2 0 0 0 5 1 0 0 6 0 0 0 7 1 0 0
4 0 1 0 37 1 37 0 38 4 37 38 0 1 127 1 7 1 0 0 0 2 1 0 0 1 0 1 0 3 0 0 0 5 1 0 0 6 0 0 0 7 1 0 0
4 0 1 0 38 0 38 0 38 4 38 38 0 0 127 1 5 1 0 0 0 2 0 0 0 5 1 0 0 6 0 0 0 7 1 0 0
4 0 1 0 38 1 38 0 38 4 38 38 0 1 127 1 7 1 0 0 0 2 1 0 0 1 0 1 0 3 0 0 0 5 1 0 0 6 0 0 0 7 1 0 0
4 0 1 0 39 0 39 0 38 4 39 38 0 0 127 1 5 1 0 0 0 2 0 0 0 5 1 0 0 6 0 0 0 7 1 0 0
4 0 1 0 39 1 39 0 38 4 39 38 0 1 127 1 7 1 0 0 0 2 1 0 0 1 0 1 0 3 0 0 0 5 1 0 0 6 0 0 0 7 1 0 0
4 0 1 0 2147483648 0 2147483648 0 38 4 2147483648 38 0 0 127 1 5 1 0 0 0 2 0 0 0 5 1 0 0 6 0 0 0 7 1 0 0
4 0 1 0 2147483648 1 2147483648 0 38 4 2147483648 38 0 1 127 1 7 1 0 0 0 2 1 0 0 1 0 1 0 3 0 0 0 5 1 0 0 6 0 0 0 7 1 0 0
4 0 1 0 4294967295 0 4294967295 0 38 4 4294967295 38 0 0 127 1 5 1 0 0 0 2 0 0 0 5 1 0 0 6 0 0 0 7 1 0 0
4 0 1 0 4294967295 1 4294967295 0 38 4 4294967295 38 0 1 127 1 7 1 0 0 0 2 1 0 0 1 0 1 0 3 0 0 0 5 1 0 0 6 0 0 0 7 1 0 0
4 0 1 1 0 0 0 0 38 4 0 38 0 0 127 1 3 1 0 0 0 2 0 0 0 5 1 0 0
4 0 1 1 0 1 0 0 38 4 0 38 0 1 127 1 5 1 0 0 0 2 1 0 0 1 0 1 0 3 0 0 0 5 1 0 0
4 0 1 1 1 0 1 0 38 4 1 38 0 0 127 1 3 1 0 0 0 2 0 0 0 5 1 0 0
4 0 1 1 1 1 1 0 38 4 1 38 0 1 127 1 5 1 0 0 0 2 1 0 0 1 0 1 0 3 0 0 0 5 1 0 0
4 0 1 1 2 0 2 0 38 4 2 38 0 0 127 1 3 1 0 0 0 2 0 0 0 5 1 0 0
4 0 1 1 2 1 2 0 38 4 2 38 0 1 127 1 5 1 0 0 0 2 1 0 0 1 0 1 0 3 0 0 0 5 1 0 0
4 0 1 1 26 0 26 0 38 4 26 38 0 0 127 1 3 1 0 0 0 2 0 0 0 5 1 0 0
4 0 1 1 26 1 26 0 38 4 26 38 0 1 127 1 5 1 0 0 0 2 1 0 0 1 0 1 0 3 0 0 0 5 1 0 0
4 0 1 1 27 0 27 0 38 4 27 38 0 0 127 1 3 1 0 0 0 2 0 0 0 5 1 0 0
4 0 1 1 27 1 27 0 38 4 27 38 0 1 127 1 5 1 0 0 0 2 1 0 0 1 0 1 0 3 0 0 0 5 1 0 0
4 0 1 1 37 0 37 0 38 4 37 38 0 0 127 1 3 1 0 0 0 2 0 0 0 5 1 0 0
4 0 1 1 37 1 37 0 38 4 37 38 0 1 127 1 5 1 0 0 0 2 1 0 0 1 0 1 0 3 0 0 0 5 1 0 0
4 0 1 1 38 0 38 0 38 4 38 38 0 0 127 1 3 1 0 0 0 2 0 0 0 5 1 0 0
4 0 1 1 38 1 38 0 38 4 38 38 0 1 127 1 5 1 0 0 0 2 1 0 0 1 0 1 0 3 0 0 0 5 1 0 0
4 0 1 1 39 0 39 0 38 4 39 38 0 0 127 1 3 1 0 0 0 2 0 0 0 5 1 0 0
4 0 1 1 39 1 39 0 38 4 39 38 0 1 127 1 5 1 0 0 0 2 1 0 0 1 0 1 0 3 0 0 0 5 1 0 0
4 0 1 1 2147483648 0 2147483648 0 38 4 2147483648 38 0 0 127 1 3 1 0 0 0 2 0 0 0 5 1 0 0
4 0 1 1 2147483648 1 2147483648 0 38 4 2147483648 38 0 1 127 1 5 1 0 0 0 2 1 0 0 1 0 1 0 3 0 0 0 5 1 0 0
4 0 1 1 4294967295 0 4294967295 0 38 4 4294967295 38 0 0 127 1 3 1 0 0 0 2 0 0 0 5 1 0 0
4 0 1 1 4294967295 1 4294967295 0 38 4 4294967295 38 0 1 127 1 5 1 0 0 0 2 1 0 0 1 0 1 0 3 0 0 0 5 1 0 0
4 1 0 0 0 0 0 0 38 4 0 38 324508639 126 127 0 0
4 1 0 0 0 1 0 0 38 4 0 38 324508639 126 127 0 0
4 1 0 0 1 0 1 0 38 4 1 38 324508639 126 127 0 0
4 1 0 0 1 1 1 0 38 4 1 38 324508639 126 127 0 0
4 1 0 0 2 0 2 0 38 4 2 38 324508639 126 127 0 0
4 1 0 0 2 1 2 0 38 4 2 38 324508639 126 127 0 0
4 1 0 0 26 0 26 0 38 4 26 38 324508639 126 127 0 0
4 1 0 0 26 1 26 0 38 4 26 38 324508639 126 127 0 0
4 1 0 0 27 0 27 0 38 4 27 38 324508639 126 127 0 0
4 1 0 0 27 1 27 0 38 4 27 38 324508639 126 127 0 0
4 1 0 0 37 0 37 0 38 4 37 38 324508639 126 127 0 0
4 1 0 0 37 1 37 0 38 4 37 38 324508639 126 127 0 0
4 1 0 0 38 0 38 0 38 4 38 38 324508639 126 127 0 0
4 1 0 0 38 1 38 0 38 4 38 38 324508639 126 127 0 0
4 1 0 0 39 0 39 0 38 4 39 38 324508639 126 127 0 0
4 1 0 0 39 1 39 0 38 4 39 38 324508639 126 127 0 0
4 1 0 0 2147483648 0 2147483648 0 38 4 2147483648 38 324508639 126 127 0 0
4 1 0 0 2147483648 1 2147483648 0 38 4 2147483648 38 324508639 126 127 0 0
4 1 0 0 4294967295 0 4294967295 0 38 4 4294967295 38 324508639 126 127 0 0
4 1 0 0 4294967295 1 4294967295 0 38 4 4294967295 38 324508639 126 127 0 0
4 1 0 1 0 0 0 0 38 4 0 38 324508639 126 127 0 0
4 1 0 1 0 1 0 0 38 4 0 38 324508639 126 127 0 0
4 1 0 1 1 0 1 0 38 4 1 38 324508639 126 127 0 0
4 1 0 1 1 1 1 0 38 4 1 38 324508639 126 127 0 0
4 1 0 1 2 0 2 0 38 4 2 38 324508639 126 127 0 0
4 1 0 1 2 1 2 0 38 4 2 38 324508639 126 127 0 0
4 1 0 1 26 0 26 0 38 4 26 38 324508639 126 127 0 0
4 1 0 1 26 1 26 0 38 4 26 38 324508639 126 127 0 0
4 1 0 1 27 0 27 0 38 4 27 38 324508639 126 127 0 0
4 1 0 1 27 1 27 0 38 4 27 38 324508639 126 127 0 0
4 1 0 1 37 0 37 0 38 4 37 38 324508639 126 127 0 0
4 1 0 1 37 1 37 0 38 4 37 38 324508639 126 127 0 0
4 1 0 1 38 0 38 0 38 4 38 38 324508639 126 127 0 0
4 1 0 1 38 1 38 0 38 4 38 38 324508639 126 127 0 0
4 1 0 1 39 0 39 0 38 4 39 38 324508639 126 127 0 0
4 1 0 1 39 1 39 0 38 4 39 38 324508639 126 127 0 0
4 1 0 1 2147483648 0 2147483648 0 38 4 2147483648 38 324508639 126 127 0 0
4 1 0 1 2147483648 1 2147483648 0 38 4 2147483648 38 324508639 126 127 0 0
4 1 0 1 4294967295 0 4294967295 0 38 4 4294967295 38 324508639 126 127 0 0
4 1 0 1 4294967295 1 4294967295 0 38 4 4294967295 38 324508639 126 127 0 0
4 1 1 0 0 0 0 0 38 4 0 38 324508639 126 127 1 0
4 1 1 0 0 1 0 0 38 4 0 38 324508639 126 127 1 0
4 1 1 0 1 0 1 0 38 4 1 38 324508639 126 127 1 0
4 1 1 0 1 1 1 0 38 4 1 38 324508639 126 127 1 0
4 1 1 0 2 0 2 0 38 4 2 38 324508639 126 127 1 0
4 1 1 0 2 1 2 0 38 4 2 38 324508639 126 127 1 0
4 1 1 0 26 0 26 0 38 4 26 38 324508639 126 127 1 0
4 1 1 0 26 1 26 0 38 4 26 38 324508639 126 127 1 0
4 1 1 0 27 0 27 0 38 4 27 38 324508639 126 127 1 0
4 1 1 0 27 1 27 0 38 4 27 38 324508639 126 127 1 0
4 1 1 0 37 0 37 0 38 4 37 38 324508639 126 127 1 0
4 1 1 0 37 1 37 0 38 4 37 38 324508639 126 127 1 0
4 1 1 0 38 0 38 0 38 4 38 38 324508639 126 127 1 0
4 1 1 0 38 1 38 0 38 4 38 38 324508639 126 127 1 0
4 1 1 0 39 0 39 0 38 4 39 38 324508639 126 127 1 0
4 1 1 0 39 1 39 0 38 4 39 38 324508639 126 127 1 0
4 1 1 0 2147483648 0 2147483648 0 38 4 2147483648 38 324508639 126 127 1 0
4 1 1 0 2147483648 1 2147483648 0 38 4 2147483648 38 324508639 126 127 1 0
4 1 1 0 4294967295 0 4294967295 0 38 4 4294967295 38 324508639 126 127 1 0
4 1 1 0 4294967295 1 4294967295 0 38 4 4294967295 38 324508639 126 127 1 0
4 1 1 1 0 0 0 0 38 4 0 38 324508639 126 127 1 0
4 1 1 1 0 1 0 0 38 4 0 38 324508639 126 127 1 0
4 1 1 1 1 0 1 0 38 4 1 38 324508639 126 127 1 0
4 1 1 1 1 1 1 0 38 4 1 38 324508639 126 127 1 0
4 1 1 1 2 0 2 0 38 4 2 38 324508639 126 127 1 0
4 1 1 1 2 1 2 0 38 4 2 38 324508639 126 127 1 0
4 1 1 1 26 0 26 0 38 4 26 38 324508639 126 127 1 0
4 1 1 1 26 1 26 0 38 4 26 38 324508639 126 127 1 0
4 1 1 1 27 0 27 0 38 4 27 38 324508639 126 127 1 0
4 1 1 1 27 1 27 0 38 4 27 38 324508639 126 127 1 0
4 1 1 1 37 0 37 0 38 4 37 38 324508639 126 127 1 0
4 1 1 1 37 1 37 0 38 4 37 38 324508639 126 127 1 0
4 1 1 1 38 0 38 0 38 4 38 38 324508639 126 127 1 0
4 1 1 1 38 1 38 0 38 4 38 38 324508639 126 127 1 0
4 1 1 1 39 0 39 0 38 4 39 38 324508639 126 127 1 0
4 1 1 1 39 1 39 0 38 4 39 38 324508639 126 127 1 0
4 1 1 1 2147483648 0 2147483648 0 38 4 2147483648 38 324508639 126 127 1 0
4 1 1 1 2147483648 1 2147483648 0 38 4 2147483648 38 324508639 126 127 1 0
4 1 1 1 4294967295 0 4294967295 0 38 4 4294967295 38 324508639 126 127 1 0
4 1 1 1 4294967295 1 4294967295 0 38 4 4294967295 38 324508639 126 127 1 0
5 0 0 0 0 0 0 0 38 5 0 38 324508639 126 127 0 2 6 0 0 0 7 1 0 0
5 0 0 0 0 1 0 0 38 5 0 38 324508639 126 127 0 2 6 0 0 0 7 1 0 0
5 0 0 0 1 0 1 0 38 5 1 38 324508639 126 127 0 2 6 0 0 0 7 1 0 0
5 0 0 0 1 1 1 0 38 5 1 38 324508639 126 127 0 2 6 0 0 0 7 1 0 0
5 0 0 0 2 0 2 0 38 5 2 38 324508639 126 127 0 2 6 0 0 0 7 1 0 0
5 0 0 0 2 1 2 0 38 5 2 38 324508639 126 127 0 2 6 0 0 0 7 1 0 0
5 0 0 0 26 0 26 0 38 5 26 38 324508639 126 127 0 2 6 0 0 0 7 1 0 0
5 0 0 0 26 1 26 0 38 5 26 38 324508639 126 127 0 2 6 0 0 0 7 1 0 0
5 0 0 0 27 0 27 0 38 5 27 38 324508639 126 127 0 2 6 0 0 0 7 1 0 0
5 0 0 0 27 1 27 0 38 5 27 38 324508639 126 127 0 2 6 0 0 0 7 1 0 0
5 0 0 0 37 0 37 0 38 5 37 38 324508639 126 127 0 2 6 0 0 0 7 1 0 0
5 0 0 0 37 1 37 0 38 5 37 38 324508639 126 127 0 2 6 0 0 0 7 1 0 0
5 0 0 0 38 0 38 0 38 5 38 38 324508639 126 127 0 2 6 0 0 0 7 1 0 0
5 0 0 0 38 1 38 0 38 5 38 38 324508639 126 127 0 2 6 0 0 0 7 1 0 0
5 0 0 0 39 0 39 0 38 5 39 38 324508639 126 127 0 2 6 0 0 0 7 1 0 0
5 0 0 0 39 1 39 0 38 5 39 38 324508639 126 127 0 2 6 0 0 0 7 1 0 0
5 0 0 0 2147483648 0 2147483648 0 38 5 2147483648 38 324508639 126 127 0 2 6 0 0 0 7 1 0 0
5 0 0 0 2147483648 1 2147483648 0 38 5 2147483648 38 324508639 126 127 0 2 6 0 0 0 7 1 0 0
5 0 0 0 4294967295 0 4294967295 0 38 5 4294967295 38 324508639 126 127 0 2 6 0 0 0 7 1 0 0
5 0 0 0 4294967295 1 4294967295 0 38 5 4294967295 38 324508639 126 127 0 2 6 0 0 0 7 1 0 0
5 0 0 1 0 0 0 0 38 5 0 38 324508639 126 127 0 2 6 0 0 0 7 1 0 0
5 0 0 1 0 1 0 0 38 5 0 38 324508639 126 127 0 2 6 0 0 0 7 1 0 0
5 0 0 1 1 0 1 0 38 5 1 38 324508639 126 127 0 2 6 0 0 0 7 1 0 0
5 0 0 1 1 1 1 0 38 5 1 38 324508639 126 127 0 2 6 0 0 0 7 1 0 0
5 0 0 1 2 0 2 0 38 5 2 38 324508639 126 127 0 2 6 0 0 0 7 1 0 0
5 0 0 1 2 1 2 0 38 5 2 38 324508639 126 127 0 2 6 0 0 0 7 1 0 0
5 0 0 1 26 0 26 0 38 5 26 38 324508639 126 127 0 2 6 0 0 0 7 1 0 0
5 0 0 1 26 1 26 0 38 5 26 38 324508639 126 127 0 2 6 0 0 0 7 1 0 0
5 0 0 1 27 0 27 0 38 5 27 38 324508639 126 127 0 2 6 0 0 0 7 1 0 0
5 0 0 1 27 1 27 0 38 5 27 38 324508639 126 127 0 2 6 0 0 0 7 1 0 0
5 0 0 1 37 0 37 0 38 5 37 38 324508639 126 127 0 2 6 0 0 0 7 1 0 0
5 0 0 1 37 1 37 0 38 5 37 38 324508639 126 127 0 2 6 0 0 0 7 1 0 0
5 0 0 1 38 0 38 0 38 5 38 38 324508639 126 127 0 2 6 0 0 0 7 1 0 0
5 0 0 1 38 1 38 0 38 5 38 38 324508639 126 127 0 2 6 0 0 0 7 1 0 0
5 0 0 1 39 0 39 0 38 5 39 38 324508639 126 127 0 2 6 0 0 0 7 1 0 0
5 0 0 1 39 1 39 0 38 5 39 38 324508639 126 127 0 2 6 0 0 0 7 1 0 0
5 0 0 1 2147483648 0 2147483648 0 38 5 2147483648 38 324508639 126 127 0 2 6 0 0 0 7 1 0 0
5 0 0 1 2147483648 1 2147483648 0 38 5 2147483648 38 324508639 126 127 0 2 6 0 0 0 7 1 0 0
5 0 0 1 4294967295 0 4294967295 0 38 5 4294967295 38 324508639 126 127 0 2 6 0 0 0 7 1 0 0
5 0 0 1 4294967295 1 4294967295 0 38 5 4294967295 38 324508639 126 127 0 2 6 0 0 0 7 1 0 0
5 0 1 0 0 0 0 0 38 5 0 38 324508639 126 127 1 2 6 0 0 0 7 1 0 0
5 0 1 0 0 1 0 0 38 5 0 38 324508639 126 127 1 2 6 0 0 0 7 1 0 0
5 0 1 0 1 0 1 0 38 5 1 38 324508639 126 127 1 2 6 0 0 0 7 1 0 0
5 0 1 0 1 1 1 0 38 5 1 38 324508639 126 127 1 2 6 0 0 0 7 1 0 0
5 0 1 0 2 0 2 0 38 5 2 38 324508639 126 127 1 0
5 0 1 0 2 1 2 0 38 5 2 38 324508639 126 127 1 0
5 0 1 0 26 0 26 0 38 5 26 38 324508639 126 127 1 0
5 0 1 0 26 1 26 0 38 5 26 38 324508639 126 127 1 0
5 0 1 0 27 0 27 0 38 5 27 38 324508639 126 127 1 2 6 0 0 0 7 1 0 0
5 0 1 0 27 1 27 0 38 5 27 38 324508639 126 127 1 2 6 0 0 0 7 1 0 0
5 0 1 0 37 0 37 0 38 5 37 38 324508639 126 127 1 2 6 0 0 0 7 1 0 0
5 0 1 0 37 1 37 0 38 5 37 38 324508639 126 127 1 2 6 0 0 0 7 1 0 0
5 0 1 0 38 0 38 0 38 5 38 38 324508639 126 127 1 2 6 0 0 0 7 1 0 0
5 0 1 0 38 1 38 0 38 5 38 38 324508639 126 127 1 2 6 0 0 0 7 1 0 0
5 0 1 0 39 0 39 0 38 5 39 38 324508639 126 127 1 2 6 0 0 0 7 1 0 0
5 0 1 0 39 1 39 0 38 5 39 38 324508639 126 127 1 2 6 0 0 0 7 1 0 0
5 0 1 0 2147483648 0 2147483648 0 38 5 2147483648 38 324508639 126 127 1 2 6 0 0 0 7 1 0 0
5 0 1 0 2147483648 1 2147483648 0 38 5 2147483648 38 324508639 126 127 1 2 6 0 0 0 7 1 0 0
5 0 1 0 4294967295 0 4294967295 0 38 5 4294967295 38 324508639 126 127 1 2 6 0 0 0 7 1 0 0
5 0 1 0 4294967295 1 4294967295 0 38 5 4294967295 38 324508639 126 127 1 2 6 0 0 0 7 1 0 0
5 0 1 1 0 0 0 0 38 5 0 38 324508639 126 127 1 0
5 0 1 1 0 1 0 0 38 5 0 38 324508639 126 127 1 0
5 0 1 1 1 0 1 0 38 5 1 38 324508639 126 127 1 0
5 0 1 1 1 1 1 0 38 5 1 38 324508639 126 127 1 0
5 0 1 1 2 0 2 0 38 5 2 38 324508639 126 127 1 0
5 0 1 1 2 1 2 0 38 5 2 38 324508639 126 127 1 0
5 0 1 1 26 0 26 0 38 5 26 38 324508639 126 127 1 0
5 0 1 1 26 1 26 0 38 5 26 38 324508639 126 127 1 0
5 0 1 1 27 0 27 0 38 5 27 38 324508639 126 127 1 0
5 0 1 1 27 1 27 0 38 5 27 38 324508639 126 127 1 0
5 0 1 1 37 0 37 0 38 5 37 38 324508639 126 127 1 0
5 0 1 1 37 1 37 0 38 5 37 38 324508639 126 127 1 0
5 0 1 1 38 0 38 0 38 5 38 38 324508639 126 127 1 0
5 0 1 1 38 1 38 0 38 5 38 38 324508639 126 127 1 0
5 0 1 1 39 0 39 0 38 5 39 38 324508639 126 127 1 0
5 0 1 1 39 1 39 0 38 5 39 38 324508639 126 127 1 0
5 0 1 1 2147483648 0 2147483648 0 38 5 2147483648 38 324508639 126 127 1 0
5 0 1 1 2147483648 1 2147483648 0 38 5 2147483648 38 324508639 126 127 1 0
5 0 1 1 4294967295 0 4294967295 0 38 5 4294967295 38 324508639 126 127 1 0
5 0 1 1 4294967295 1 4294967295 0 38 5 4294967295 38 324508639 126 127 1 0
5 1 0 0 0 0 0 0 38 5 0 38 324508639 126 127 0 0
5 1 0 0 0 1 0 0 38 5 0 38 324508639 126 127 0 0
5 1 0 0 1 0 1 0 38 5 1 38 324508639 126 127 0 0
5 1 0 0 1 1 1 0 38 5 1 38 324508639 126 127 0 0
5 1 0 0 2 0 2 0 38 5 2 38 324508639 126 127 0 0
5 1 0 0 2 1 2 0 38 5 2 38 324508639 126 127 0 0
5 1 0 0 26 0 26 0 38 5 26 38 324508639 126 127 0 0
5 1 0 0 26 1 26 0 38 5 26 38 324508639 126 127 0 0
5 1 0 0 27 0 27 0 38 5 27 38 324508639 126 127 0 0
5 1 0 0 27 1 27 0 38 5 27 38 324508639 126 127 0 0
5 1 0 0 37 0 37 0 38 5 37 38 324508639 126 127 0 0
5 1 0 0 37 1 37 0 38 5 37 38 324508639 126 127 0 0
5 1 0 0 38 0 38 0 38 5 38 38 324508639 126 127 0 0
5 1 0 0 38 1 38 0 38 5 38 38 324508639 126 127 0 0
5 1 0 0 39 0 39 0 38 5 39 38 324508639 126 127 0 0
5 1 0 0 39 1 39 0 38 5 39 38 324508639 126 127 0 0
5 1 0 0 2147483648 0 2147483648 0 38 5 2147483648 38 324508639 126 127 0 0
5 1 0 0 2147483648 1 2147483648 0 38 5 2147483648 38 324508639 126 127 0 0
5 1 0 0 4294967295 0 4294967295 0 38 5 4294967295 38 324508639 126 127 0 0
5 1 0 0 4294967295 1 4294967295 0 38 5 4294967295 38 324508639 126 127 0 0
5 1 0 1 0 0 0 0 38 5 0 38 324508639 126 127 0 0
5 1 0 1 0 1 0 0 38 5 0 38 324508639 126 127 0 0
5 1 0 1 1 0 1 0 38 5 1 38 324508639 126 127 0 0
5 1 0 1 1 1 1 0 38 5 1 38 324508639 126 127 0 0
5 1 0 1 2 0 2 0 38 5 2 38 324508639 126 127 0 0
5 1 0 1 2 1 2 0 38 5 2 38 324508639 126 127 0 0
5 1 0 1 26 0 26 0 38 5 26 38 324508639 126 127 0 0
5 1 0 1 26 1 26 0 38 5 26 38 324508639 126 127 0 0
5 1 0 1 27 0 27 0 38 5 27 38 324508639 126 127 0 0
5 1 0 1 27 1 27 0 38 5 27 38 324508639 126 127 0 0
5 1 0 1 37 0 37 0 38 5 37 38 324508639 126 127 0 0
5 1 0 1 37 1 37 0 38 5 37 38 324508639 126 127 0 0
5 1 0 1 38 0 38 0 38 5 38 38 324508639 126 127 0 0
5 1 0 1 38 1 38 0 38 5 38 38 324508639 126 127 0 0
5 1 0 1 39 0 39 0 38 5 39 38 324508639 126 127 0 0
5 1 0 1 39 1 39 0 38 5 39 38 324508639 126 127 0 0
5 1 0 1 2147483648 0 2147483648 0 38 5 2147483648 38 324508639 126 127 0 0
5 1 0 1 2147483648 1 2147483648 0 38 5 2147483648 38 324508639 126 127 0 0
5 1 0 1 4294967295 0 4294967295 0 38 5 4294967295 38 324508639 126 127 0 0
5 1 0 1 4294967295 1 4294967295 0 38 5 4294967295 38 324508639 126 127 0 0
5 1 1 0 0 0 0 0 38 5 0 38 324508639 126 127 1 0
5 1 1 0 0 1 0 0 38 5 0 38 324508639 126 127 1 0
5 1 1 0 1 0 1 0 38 5 1 38 324508639 126 127 1 0
5 1 1 0 1 1 1 0 38 5 1 38 324508639 126 127 1 0
5 1 1 0 2 0 2 0 38 5 2 38 324508639 126 127 1 0
5 1 1 0 2 1 2 0 38 5 2 38 324508639 126 127 1 0
5 1 1 0 26 0 26 0 38 5 26 38 324508639 126 127 1 0
5 1 1 0 26 1 26 0 38 5 26 38 324508639 126 127 1 0
5 1 1 0 27 0 27 0 38 5 27 38 324508639 126 127 1 0
5 1 1 0 27 1 27 0 38 5 27 38 324508639 126 127 1 0
5 1 1 0 37 0 37 0 38 5 37 38 324508639 126 127 1 0
5 1 1 0 37 1 37 0 38 5 37 38 324508639 126 127 1 0
5 1 1 0 38 0 38 0 38 5 38 38 324508639 126 127 1 0
5 1 1 0 38 1 38 0 38 5 38 38 324508639 126 127 1 0
5 1 1 0 39 0 39 0 38 5 39 38 324508639 126 127 1 0
5 1 1 0 39 1 39 0 38 5 39 38 324508639 126 127 1 0
5 1 1 0 2147483648 0 2147483648 0 38 5 2147483648 38 324508639 126 127 1 0
5 1 1 0 2147483648 1 2147483648 0 38 5 2147483648 38 324508639 126 127 1 0
5 1 1 0 4294967295 0 4294967295 0 38 5 4294967295 38 324508639 126 127 1 0
5 1 1 0 4294967295 1 4294967295 0 38 5 4294967295 38 324508639 126 127 1 0
5 1 1 1 0 0 0 0 38 5 0 38 324508639 126 127 1 0
5 1 1 1 0 1 0 0 38 5 0 38 324508639 126 127 1 0
5 1 1 1 1 0 1 0 38 5 1 38 324508639 126 127 1 0
5 1 1 1 1 1 1 0 38 5 1 38 324508639 126 127 1 0
5 1 1 1 2 0 2 0 38 5 2 38 324508639 126 127 1 0
5 1 1 1 2 1 2 0 38 5 2 38 324508639 126 127 1 0
5 1 1 1 26 0 26 0 38 5 26 38 324508639 126 127 1 0
5 1 1 1 26 1 26 0 38 5 26 38 324508639 126 127 1 0
5 1 1 1 27 0 27 0 38 5 27 38 324508639 126 127 1 0
5 1 1 1 27 1 27 0 38 5 27 38 324508639 126 127 1 0
5 1 1 1 37 0 37 0 38 5 37 38 324508639 126 127 1 0
5 1 1 1 37 1 37 0 38 5 37 38 324508639 126 127 1 0
5 1 1 1 38 0 38 0 38 5 38 38 324508639 126 127 1 0
5 1 1 1 38 1 38 0 38 5 38 38 324508639 126 127 1 0
5 1 1 1 39 0 39 0 38 5 39 38 324508639 126 127 1 0
5 1 1 1 39 1 39 0 38 5 39 38 324508639 126 127 1 0
5 1 1 1 2147483648 0 2147483648 0 38 5 2147483648 38 324508639 126 127 1 0
5 1 1 1 2147483648 1 2147483648 0 38 5 2147483648 38 324508639 126 127 1 0
5 1 1 1 4294967295 0 4294967295 0 38 5 4294967295 38 324508639 126 127 1 0
5 1 1 1 4294967295 1 4294967295 0 38 5 4294967295 38 324508639 126 127 1 0
4294967295 0 0 0 0 0 0 0 38 4294967295 0 38 324508639 126 127 0 2 6 0 0 0 7 1 0 0
4294967295 0 0 0 0 1 0 0 38 4294967295 0 38 324508639 126 127 0 2 6 0 0 0 7 1 0 0
4294967295 0 0 0 1 0 1 0 38 4294967295 1 38 324508639 126 127 0 2 6 0 0 0 7 1 0 0
4294967295 0 0 0 1 1 1 0 38 4294967295 1 38 324508639 126 127 0 2 6 0 0 0 7 1 0 0
4294967295 0 0 0 2 0 2 0 38 4294967295 2 38 324508639 126 127 0 2 6 0 0 0 7 1 0 0
4294967295 0 0 0 2 1 2 0 38 4294967295 2 38 324508639 126 127 0 2 6 0 0 0 7 1 0 0
4294967295 0 0 0 26 0 26 0 38 4294967295 26 38 324508639 126 127 0 2 6 0 0 0 7 1 0 0
4294967295 0 0 0 26 1 26 0 38 4294967295 26 38 324508639 126 127 0 2 6 0 0 0 7 1 0 0
4294967295 0 0 0 27 0 27 0 38 4294967295 27 38 324508639 126 127 0 2 6 0 0 0 7 1 0 0
4294967295 0 0 0 27 1 27 0 38 4294967295 27 38 324508639 126 127 0 2 6 0 0 0 7 1 0 0
4294967295 0 0 0 37 0 37 0 38 4294967295 37 38 324508639 126 127 0 2 6 0 0 0 7 1 0 0
4294967295 0 0 0 37 1 37 0 38 4294967295 37 38 324508639 126 127 0 2 6 0 0 0 7 1 0 0
4294967295 0 0 0 38 0 38 0 38 4294967295 38 38 324508639 126 127 0 2 6 0 0 0 7 1 0 0
4294967295 0 0 0 38 1 38 0 38 4294967295 38 38 324508639 126 127 0 2 6 0 0 0 7 1 0 0
4294967295 0 0 0 39 0 39 0 38 4294967295 39 38 324508639 126 127 0 2 6 0 0 0 7 1 0 0
4294967295 0 0 0 39 1 39 0 38 4294967295 39 38 324508639 126 127 0 2 6 0 0 0 7 1 0 0
4294967295 0 0 0 2147483648 0 2147483648 0 38 4294967295 2147483648 38 324508639 126 127 0 2 6 0 0 0 7 1 0 0
4294967295 0 0 0 2147483648 1 2147483648 0 38 4294967295 2147483648 38 324508639 126 127 0 2 6 0 0 0 7 1 0 0
4294967295 0 0 0 4294967295 0 4294967295 0 38 4294967295 4294967295 38 324508639 126 127 0 2 6 0 0 0 7 1 0 0
4294967295 0 0 0 4294967295 1 4294967295 0 38 4294967295 4294967295 38 324508639 126 127 0 2 6 0 0 0 7 1 0 0
4294967295 0 0 1 0 0 0 0 38 4294967295 0 38 324508639 126 127 0 2 6 0 0 0 7 1 0 0
4294967295 0 0 1 0 1 0 0 38 4294967295 0 38 324508639 126 127 0 2 6 0 0 0 7 1 0 0
4294967295 0 0 1 1 0 1 0 38 4294967295 1 38 324508639 126 127 0 2 6 0 0 0 7 1 0 0
4294967295 0 0 1 1 1 1 0 38 4294967295 1 38 324508639 126 127 0 2 6 0 0 0 7 1 0 0
4294967295 0 0 1 2 0 2 0 38 4294967295 2 38 324508639 126 127 0 2 6 0 0 0 7 1 0 0
4294967295 0 0 1 2 1 2 0 38 4294967295 2 38 324508639 126 127 0 2 6 0 0 0 7 1 0 0
4294967295 0 0 1 26 0 26 0 38 4294967295 26 38 324508639 126 127 0 2 6 0 0 0 7 1 0 0
4294967295 0 0 1 26 1 26 0 38 4294967295 26 38 324508639 126 127 0 2 6 0 0 0 7 1 0 0
4294967295 0 0 1 27 0 27 0 38 4294967295 27 38 324508639 126 127 0 2 6 0 0 0 7 1 0 0
4294967295 0 0 1 27 1 27 0 38 4294967295 27 38 324508639 126 127 0 2 6 0 0 0 7 1 0 0
4294967295 0 0 1 37 0 37 0 38 4294967295 37 38 324508639 126 127 0 2 6 0 0 0 7 1 0 0
4294967295 0 0 1 37 1 37 0 38 4294967295 37 38 324508639 126 127 0 2 6 0 0 0 7 1 0 0
4294967295 0 0 1 38 0 38 0 38 4294967295 38 38 324508639 126 127 0 2 6 0 0 0 7 1 0 0
4294967295 0 0 1 38 1 38 0 38 4294967295 38 38 324508639 126 127 0 2 6 0 0 0 7 1 0 0
4294967295 0 0 1 39 0 39 0 38 4294967295 39 38 324508639 126 127 0 2 6 0 0 0 7 1 0 0
4294967295 0 0 1 39 1 39 0 38 4294967295 39 38 324508639 126 127 0 2 6 0 0 0 7 1 0 0
4294967295 0 0 1 2147483648 0 2147483648 0 38 4294967295 2147483648 38 324508639 126 127 0 2 6 0 0 0 7 1 0 0
4294967295 0 0 1 2147483648 1 2147483648 0 38 4294967295 2147483648 38 324508639 126 127 0 2 6 0 0 0 7 1 0 0
4294967295 0 0 1 4294967295 0 4294967295 0 38 4294967295 4294967295 38 324508639 126 127 0 2 6 0 0 0 7 1 0 0
4294967295 0 0 1 4294967295 1 4294967295 0 38 4294967295 4294967295 38 324508639 126 127 0 2 6 0 0 0 7 1 0 0
4294967295 0 1 0 0 0 0 0 38 4294967295 0 38 324508639 126 127 1 2 6 0 0 0 7 1 0 0
4294967295 0 1 0 0 1 0 0 38 4294967295 0 38 324508639 126 127 1 2 6 0 0 0 7 1 0 0
4294967295 0 1 0 1 0 1 0 38 4294967295 1 38 324508639 126 127 1 2 6 0 0 0 7 1 0 0
4294967295 0 1 0 1 1 1 0 38 4294967295 1 38 324508639 126 127 1 2 6 0 0 0 7 1 0 0
4294967295 0 1 0 2 0 2 0 38 4294967295 2 38 324508639 126 127 1 0
4294967295 0 1 0 2 1 2 0 38 4294967295 2 38 324508639 126 127 1 0
4294967295 0 1 0 26 0 26 0 38 4294967295 26 38 324508639 126 127 1 0
4294967295 0 1 0 26 1 26 0 38 4294967295 26 38 324508639 126 127 1 0
4294967295 0 1 0 27 0 27 0 38 4294967295 27 38 324508639 126 127 1 2 6 0 0 0 7 1 0 0
4294967295 0 1 0 27 1 27 0 38 4294967295 27 38 324508639 126 127 1 2 6 0 0 0 7 1 0 0
4294967295 0 1 0 37 0 37 0 38 4294967295 37 38 324508639 126 127 1 2 6 0 0 0 7 1 0 0
4294967295 0 1 0 37 1 37 0 38 4294967295 37 38 324508639 126 127 1 2 6 0 0 0 7 1 0 0
4294967295 0 1 0 38 0 38 0 38 4294967295 38 38 324508639 126 127 1 2 6 0 0 0 7 1 0 0
4294967295 0 1 0 38 1 38 0 38 4294967295 38 38 324508639 126 127 1 2 6 0 0 0 7 1 0 0
4294967295 0 1 0 39 0 39 0 38 4294967295 39 38 324508639 126 127 1 2 6 0 0 0 7 1 0 0
4294967295 0 1 0 39 1 39 0 38 4294967295 39 38 324508639 126 127 1 2 6 0 0 0 7 1 0 0
4294967295 0 1 0 2147483648 0 2147483648 0 38 4294967295 2147483648 38 324508639 126 127 1 2 6 0 0 0 7 1 0 0
4294967295 0 1 0 2147483648 1 2147483648 0 38 4294967295 2147483648 38 324508639 126 127 1 2 6 0 0 0 7 1 0 0
4294967295 0 1 0 4294967295 0 4294967295 0 38 4294967295 4294967295 38 324508639 126 127 1 2 6 0 0 0 7 1 0 0
4294967295 0 1 0 4294967295 1 4294967295 0 38 4294967295 4294967295 38 324508639 126 127 1 2 6 0 0 0 7 1 0 0
4294967295 0 1 1 0 0 0 0 38 4294967295 0 38 324508639 126 127 1 0
4294967295 0 1 1 0 1 0 0 38 4294967295 0 38 324508639 126 127 1 0
4294967295 0 1 1 1 0 1 0 38 4294967295 1 38 324508639 126 127 1 0
4294967295 0 1 1 1 1 1 0 38 4294967295 1 38 324508639 126 127 1 0
4294967295 0 1 1 2 0 2 0 38 4294967295 2 38 324508639 126 127 1 0
4294967295 0 1 1 2 1 2 0 38 4294967295 2 38 324508639 126 127 1 0
4294967295 0 1 1 26 0 26 0 38 4294967295 26 38 324508639 126 127 1 0
4294967295 0 1 1 26 1 26 0 38 4294967295 26 38 324508639 126 127 1 0
4294967295 0 1 1 27 0 27 0 38 4294967295 27 38 324508639 126 127 1 0
4294967295 0 1 1 27 1 27 0 38 4294967295 27 38 324508639 126 127 1 0
4294967295 0 1 1 37 0 37 0 38 4294967295 37 38 324508639 126 127 1 0
4294967295 0 1 1 37 1 37 0 38 4294967295 37 38 324508639 126 127 1 0
4294967295 0 1 1 38 0 38 0 38 4294967295 38 38 324508639 126 127 1 0
4294967295 0 1 1 38 1 38 0 38 4294967295 38 38 324508639 126 127 1 0
4294967295 0 1 1 39 0 39 0 38 4294967295 39 38 324508639 126 127 1 0
4294967295 0 1 1 39 1 39 0 38 4294967295 39 38 324508639 126 127 1 0
4294967295 0 1 1 2147483648 0 2147483648 0 38 4294967295 2147483648 38 324508639 126 127 1 0
4294967295 0 1 1 2147483648 1 2147483648 0 38 4294967295 2147483648 38 324508639 126 127 1 0
4294967295 0 1 1 4294967295 0 4294967295 0 38 4294967295 4294967295 38 324508639 126 127 1 0
4294967295 0 1 1 4294967295 1 4294967295 0 38 4294967295 4294967295 38 324508639 126 127 1 0
4294967295 1 0 0 0 0 0 0 38 4294967295 0 38 324508639 126 127 0 0
4294967295 1 0 0 0 1 0 0 38 4294967295 0 38 324508639 126 127 0 0
4294967295 1 0 0 1 0 1 0 38 4294967295 1 38 324508639 126 127 0 0
4294967295 1 0 0 1 1 1 0 38 4294967295 1 38 324508639 126 127 0 0
4294967295 1 0 0 2 0 2 0 38 4294967295 2 38 324508639 126 127 0 0
4294967295 1 0 0 2 1 2 0 38 4294967295 2 38 324508639 126 127 0 0
4294967295 1 0 0 26 0 26 0 38 4294967295 26 38 324508639 126 127 0 0
4294967295 1 0 0 26 1 26 0 38 4294967295 26 38 324508639 126 127 0 0
4294967295 1 0 0 27 0 27 0 38 4294967295 27 38 324508639 126 127 0 0
4294967295 1 0 0 27 1 27 0 38 4294967295 27 38 324508639 126 127 0 0
4294967295 1 0 0 37 0 37 0 38 4294967295 37 38 324508639 126 127 0 0
4294967295 1 0 0 37 1 37 0 38 4294967295 37 38 324508639 126 127 0 0
4294967295 1 0 0 38 0 38 0 38 4294967295 38 38 324508639 126 127 0 0
4294967295 1 0 0 38 1 38 0 38 4294967295 38 38 324508639 126 127 0 0
4294967295 1 0 0 39 0 39 0 38 4294967295 39 38 324508639 126 127 0 0
4294967295 1 0 0 39 1 39 0 38 4294967295 39 38 324508639 126 127 0 0
4294967295 1 0 0 2147483648 0 2147483648 0 38 4294967295 2147483648 38 324508639 126 127 0 0
4294967295 1 0 0 2147483648 1 2147483648 0 38 4294967295 2147483648 38 324508639 126 127 0 0
4294967295 1 0 0 4294967295 0 4294967295 0 38 4294967295 4294967295 38 324508639 126 127 0 0
4294967295 1 0 0 4294967295 1 4294967295 0 38 4294967295 4294967295 38 324508639 126 127 0 0
4294967295 1 0 1 0 0 0 0 38 4294967295 0 38 324508639 126 127 0 0
4294967295 1 0 1 0 1 0 0 38 4294967295 0 38 324508639 126 127 0 0
4294967295 1 0 1 1 0 1 0 38 4294967295 1 38 324508639 126 127 0 0
4294967295 1 0 1 1 1 1 0 38 4294967295 1 38 324508639 126 127 0 0
4294967295 1 0 1 2 0 2 0 38 4294967295 2 38 324508639 126 127 0 0
4294967295 1 0 1 2 1 2 0 38 4294967295 2 38 324508639 126 127 0 0
4294967295 1 0 1 26 0 26 0 38 4294967295 26 38 324508639 126 127 0 0
4294967295 1 0 1 26 1 26 0 38 4294967295 26 38 324508639 126 127 0 0
4294967295 1 0 1 27 0 27 0 38 4294967295 27 38 324508639 126 127 0 0
4294967295 1 0 1 27 1 27 0 38 4294967295 27 38 324508639 126 127 0 0
4294967295 1 0 1 37 0 37 0 38 4294967295 37 38 324508639 126 127 0 0
4294967295 1 0 1 37 1 37 0 38 4294967295 37 38 324508639 126 127 0 0
4294967295 1 0 1 38 0 38 0 38 4294967295 38 38 324508639 126 127 0 0
4294967295 1 0 1 38 1 38 0 38 4294967295 38 38 324508639 126 127 0 0
4294967295 1 0 1 39 0 39 0 38 4294967295 39 38 324508639 126 127 0 0
4294967295 1 0 1 39 1 39 0 38 4294967295 39 38 324508639 126 127 0 0
4294967295 1 0 1 2147483648 0 2147483648 0 38 4294967295 2147483648 38 324508639 126 127 0 0
4294967295 1 0 1 2147483648 1 2147483648 0 38 4294967295 2147483648 38 324508639 126 127 0 0
4294967295 1 0 1 4294967295 0 4294967295 0 38 4294967295 4294967295 38 324508639 126 127 0 0
4294967295 1 0 1 4294967295 1 4294967295 0 38 4294967295 4294967295 38 324508639 126 127 0 0
4294967295 1 1 0 0 0 0 0 38 4294967295 0 38 324508639 126 127 1 0
4294967295 1 1 0 0 1 0 0 38 4294967295 0 38 324508639 126 127 1 0
4294967295 1 1 0 1 0 1 0 38 4294967295 1 38 324508639 126 127 1 0
4294967295 1 1 0 1 1 1 0 38 4294967295 1 38 324508639 126 127 1 0
4294967295 1 1 0 2 0 2 0 38 4294967295 2 38 324508639 126 127 1 0
4294967295 1 1 0 2 1 2 0 38 4294967295 2 38 324508639 126 127 1 0
4294967295 1 1 0 26 0 26 0 38 4294967295 26 38 324508639 126 127 1 0
4294967295 1 1 0 26 1 26 0 38 4294967295 26 38 324508639 126 127 1 0
4294967295 1 1 0 27 0 27 0 38 4294967295 27 38 324508639 126 127 1 0
4294967295 1 1 0 27 1 27 0 38 4294967295 27 38 324508639 126 127 1 0
4294967295 1 1 0 37 0 37 0 38 4294967295 37 38 324508639 126 127 1 0
4294967295 1 1 0 37 1 37 0 38 4294967295 37 38 324508639 126 127 1 0
4294967295 1 1 0 38 0 38 0 38 4294967295 38 38 324508639 126 127 1 0
4294967295 1 1 0 38 1 38 0 38 4294967295 38 38 324508639 126 127 1 0
4294967295 1 1 0 39 0 39 0 38 4294967295 39 38 324508639 126 127 1 0
4294967295 1 1 0 39 1 39 0 38 4294967295 39 38 324508639 126 127 1 0
4294967295 1 1 0 2147483648 0 2147483648 0 38 4294967295 2147483648 38 324508639 126 127 1 0
4294967295 1 1 0 2147483648 1 2147483648 0 38 4294967295 2147483648 38 324508639 126 127 1 0
4294967295 1 1 0 4294967295 0 4294967295 0 38 4294967295 4294967295 38 324508639 126 127 1 0
4294967295 1 1 0 4294967295 1 4294967295 0 38 4294967295 4294967295 38 324508639 126 127 1 0
4294967295 1 1 1 0 0 0 0 38 4294967295 0 38 324508639 126 127 1 0
4294967295 1 1 1 0 1 0 0 38 4294967295 0 38 324508639 126 127 1 0
4294967295 1 1 1 1 0 1 0 38 4294967295 1 38 324508639 126 127 1 0
4294967295 1 1 1 1 1 1 0 38 4294967295 1 38 324508639 126 127 1 0
4294967295 1 1 1 2 0 2 0 38 4294967295 2 38 324508639 126 127 1 0
4294967295 1 1 1 2 1 2 0 38 4294967295 2 38 324508639 126 127 1 0
4294967295 1 1 1 26 0 26 0 38 4294967295 26 38 324508639 126 127 1 0
4294967295 1 1 1 26 1 26 0 38 4294967295 26 38 324508639 126 127 1 0
4294967295 1 1 1 27 0 27 0 38 4294967295 27 38 324508639 126 127 1 0
4294967295 1 1 1 27 1 27 0 38 4294967295 27 38 324508639 126 127 1 0
4294967295 1 1 1 37 0 37 0 38 4294967295 37 38 324508639 126 127 1 0
4294967295 1 1 1 37 1 37 0 38 4294967295 37 38 324508639 126 127 1 0
4294967295 1 1 1 38 0 38 0 38 4294967295 38 38 324508639 126 127 1 0
4294967295 1 1 1 38 1 38 0 38 4294967295 38 38 324508639 126 127 1 0
4294967295 1 1 1 39 0 39 0 38 4294967295 39 38 324508639 126 127 1 0
4294967295 1 1 1 39 1 39 0 38 4294967295 39 38 324508639 126 127 1 0
4294967295 1 1 1 2147483648 0 2147483648 0 38 4294967295 2147483648 38 324508639 126 127 1 0
4294967295 1 1 1 2147483648 1 2147483648 0 38 4294967295 2147483648 38 324508639 126 127 1 0
4294967295 1 1 1 4294967295 0 4294967295 0 38 4294967295 4294967295 38 324508639 126 127 1 0
4294967295 1 1 1 4294967295 1 4294967295 0 38 4294967295 4294967295 38 324508639 126 127 1 0
3 0 1 0 0 1 37 1 0 3 37 0 324508639 126 127 2 3 5 1 0 0 6 0 0 0 7 1 0 0
3 0 1 0 0 1 37 1 2 3 37 2 324508639 126 127 2 1 5 1 0 0
3 0 1 0 0 1 37 1 26 3 37 26 324508639 126 127 2 1 5 1 0 0
3 0 1 0 0 1 37 1 27 3 37 27 324508639 126 127 2 3 5 1 0 0 6 0 0 0 7 1 0 0
3 0 1 0 0 1 37 1 38 4 37 38 324508639 126 127 2 3 5 1 0 0 6 0 0 0 7 1 0 0
3 0 1 0 0 1 37 1 4294967295 3 37 4294967295 324508639 126 127 2 3 5 1 0 0 6 0 0 0 7 1 0 0
4 0 1 0 0 1 37 1 0 4 37 0 0 1 127 2 7 1 0 0 0 2 1 0 0 1 0 1 0 3 0 0 0 5 1 0 0 6 0 0 0 7 1 0 0
4 0 1 0 0 1 37 1 2 4 37 2 0 1 127 2 5 1 0 0 0 2 1 0 0 1 0 1 0 3 0 0 0 5 1 0 0
4 0 1 0 0 1 37 1 26 4 37 26 0 1 127 2 5 1 0 0 0 2 1 0 0 1 0 1 0 3 0 0 0 5 1 0 0
4 0 1 0 0 1 37 1 27 4 37 27 0 1 127 2 7 1 0 0 0 2 1 0 0 1 0 1 0 3 0 0 0 5 1 0 0 6 0 0 0 7 1 0 0
4 0 1 0 0 1 37 1 38 4 37 38 0 1 127 2 7 1 0 0 0 2 1 0 0 1 0 1 0 3 0 0 0 5 1 0 0 6 0 0 0 7 1 0 0
4 0 1 0 0 1 37 1 4294967295 4 37 4294967295 0 1 127 2 7 1 0 0 0 2 1 0 0 1 0 1 0 3 0 0 0 5 1 0 0 6 0 0 0 7 1 0 0
