16666666
382037176847	382076580800	382061055877
382063132447	382106174900	382086273872
382085578395	382125606341	382106321690
382119562423	382151677390	382136869935
382136470264	382178146427	382162889058
382162288642	382205259198	382190479964
382189929498	382224138918	382205421337
382221390256	382261336399	382234886862
382234685171	382278109657	382261515656
382273941095	382303773834	382289462830
382289574889	382336713029	382314717246
382314600204	382371048831	382348715513
382348257349	382402100424	382380488534
382380091367	382426053565	382412800004
382412332488	382463713427	382435982119
382435526176	382489040739	382474582701
382474023958	382506109025	382489351473
382503932153	382543249439	382516764888
382516195190	382560825053	382543388868
382557454284	382586793541	382572178201
382573923295	382637473713	382586936829


16666666
382944753431	382974465125	382959351892
382973122650	383000864259	382984848311
382984715479	383024402644	383008044981
383011019708	383038963700	383024926845
383049864804	383069477254	383054524581
383060877056	383083665739	383070257379
383093882903	383118325591	383104345721
383103785301	383143182042	383129571467
383129153282	383177539572	383156128262
383155582084	383190729277	383177654422
383179815362	383206306044	383190794589
383203310681	383238017053	383217382611
383217006632	383268637781	383247761158
383247401690	383284391551	383269912418
383283190847	383308841708	383296116475
383295605321	383345842654	383319549324
383319107896	383369925691	383356383353
383355915677	383393558642	383377674459
383379746623	383417368114	383404424751
383403920729	383441305295	383424871983
383428150871	383457149505	383441467469
383452062977	383471962331	383457308307
383468385975	383487546161	383472138335
383485062235	383502193952	383487786484
383512846749	383536092036	383522897939
383522818572	383559344955	383547352562
383546923110	383575362033	383559737643
383571901942	383956702137	383584916451
383584819829	383971112209	383956504655
383967678557	384001587554	383980355565
383980186555	384017500773	384004030622
384024377414	384048297189	384035595306
384035237323	384070252765	384058087446
384057809934	384084571775	384070438859
384082442248	384107690602	384094798293
384094319599	384121702333	384107864967
384122916639	384161128642	384131630728
384131463309	384176035833	384161322611
384172364174	384199827264	384186664198
384186188167	384221710210	384209095795
384209727114	384238303140	384221868410
384234190485	384268542107	384247180514
384246763732	384286431935	384269953210
384281312862	384309566939	384296024420
384295696739	384333839258	384320264902
384319640094	384355635116	384344877281
384344344125	384390299546	384365822961
384365716846	384423725247	384401640484
384401223622	384439101176	384423875707
384437467759	384467448004	384448902480
384448504465	384486409655	384472482437
384479612845	384500445839	384486989328
384510850586	384534756581	384520622615
384520171351	384559618430	384546052026
384545594651	384593889239	384569685031
384569126463	384617910313	384605150691


16666666
383980186555	384017500773	384004030622
384024377414	384048297189	384035595306
384035237323	384070252765	384058087446
384057809934	384084571775	384070438859
384082442248	384107690602	384094798293
384094319599	384121702333	384107864967
384122916639	384161128642	384131630728
384131463309	384176035833	384161322611
384172364174	384199827264	384186664198
384186188167	384221710210	384209095795
384209727114	384238303140	384221868410
384234190485	384268542107	384247180514
384246763732	384286431935	384269953210
384281312862	384309566939	384296024420
384295696739	384333839258	384320264902
384319640094	384355635116	384344877281
384344344125	384390299546	384365822961
384365716846	384423725247	384401640484
384401223622	384439101176	384423875707
384437467759	384467448004	384448902480
384448504465	384486409655	384472482437
384479612845	384500445839	384486989328
384510850586	384534756581	384520622615
384520171351	384559618430	384546052026
384545594651	384593889239	384569685031
384569126463	384617910313	384605150691
384604559777	384641073342	384626325575
384627757552	384670028528	384652408987
384651729781	384700180462	384680239513
384679734085	384717363251	384704087980
384711811071	384735214599	384719958846
384729809940	384760049129	384745955514
384745464756	384781180161	384770145335
384769744661	384806892239	384792296531
384791970723	384843393845	384817577975
384816984350	384859301520	384843537549
384857578481	384889436606	384868567916
384868034483	384906269838	384889588644
384900580129	384934912349	384917464937
384916585039	384952466306	384937844719
384946323500	384973475035	384962561740
384962159124	385013057791	384983378664
384983302518	385035142378	385023945481
385023987949	385060130984	385046197857
385060684281	385080921256	385070236699
385069895131	385105889889	385091864784
385091390854	385136033340	385115774647
385115329127	385152423430	385139515349
385148074464	385170364345	385154453880
385165987985	385214225052	385180674060
385180039253	385237673008	385225126711
385224708913	385273712471	385247388665
385246938500	385291383565	385273963608
385286122461	385320658533	385301346717
385300827362	385355289543	385330748301
385330201813	385371624820	385355406550
385366296102	385401732979	385381168968
385380472051	385419729733	385404163588
385415155423	385441730220	385429035120
385428573806	385479934844	385451283900
385450642079	385505336441	385491702942
385492152206	385539501002	385516725087
385516325632	385573823147	385550106982


16666666
384868034483	384906269838	384889588644
384900580129	384934912349	384917464937
384916585039	384952466306	384937844719
384946323500	384973475035	384962561740
384962159124	385013057791	384983378664
384983302518	385035142378	385023945481
385023987949	385060130984	385046197857
385060684281	385080921256	385070236699
385069895131	385105889889	385091864784
385091390854	385136033340	385115774647
385115329127	385152423430	385139515349
385148074464	385170364345	385154453880
385165987985	385214225052	385180674060
385180039253	385237673008	385225126711
385224708913	385273712471	385247388665
385246938500	385291383565	385273963608
385286122461	385320658533	385301346717
385300827362	385355289543	385330748301
385330201813	385371624820	385355406550
385366296102	385401732979	385381168968
385380472051	385419729733	385404163588
385415155423	385441730220	385429035120
385428573806	385479934844	385451283900
385450642079	385505336441	385491702942
385492152206	385539501002	385516725087
385516325632	385573823147	385550106982
385549665349	385590738366	385574048935
385588704683	385618472234	385601925573
385601299112	385635643687	385620197618
385631820504	385652707445	385637499000
385646809027	385673647873	385663048335
385662695198	385688195068	385673721908
385684898475	385702266359	385688322460
385702573456	385725166041	385712009904
385711631432	385740743296	385725398935
385737833029	385773351039	385750341346
385749985109	385789144893	385773503184
385787091868	385819149704	385798883576
385798401128	385839663975	385824558683
385839310648	385871130452	385850428637
385849961112	385901932161	385883405306
385882737033	385918902763	385903272817
385914993134	385942357229	385929090106
385928613180	385957649721	385942507722
385954323039	385994544529	385967933781
385967674383	386008870959	385994732345
386006319018	386040843468	386019665868
386019222840	386072912752	386050813832
386050478367	386104235690	386083480739
386082777567	386136066300	386114592396
386114062189	386153334977	386137426822
386148137563	386196977217	386165348150
386164661758	386222466651	386208192644
386207761864	386238159380	386222659837
386234202655	386276065698	386247712067
386247516408	386292583013	386276133801
386288988509	386322732286	386301623008
386301223091	386337988649	386322886913
386334992268	386353744920	386338103478
386352177700	386369231186	386353908355
386366625581	386385579500	386370451854
386382908528	386410803386	386397406814
386397027217	386428278345	386410974910
386423640614	386449688503	386438853701


16666666
385684898475	385702266359	385688322460
385702573456	385725166041	385712009904
385711631432	385740743296	385725398935
385737833029	385773351039	385750341346
385749985109	385789144893	385773503184
385787091868	385819149704	385798883576
385798401128	385839663975	385824558683
385839310648	385871130452	385850428637
385849961112	385901932161	385883405306
385882737033	385918902763	385903272817
385914993134	385942357229	385929090106
385928613180	385957649721	385942507722
385954323039	385994544529	385967933781
385967674383	386008870959	385994732345
386006319018	386040843468	386019665868
386019222840	386072912752	386050813832
386050478367	386104235690	386083480739
386082777567	386136066300	386114592396
386114062189	386153334977	386137426822
386148137563	386196977217	386165348150
386164661758	386222466651	386208192644
386207761864	386238159380	386222659837
386234202655	386276065698	386247712067
386247516408	386292583013	386276133801
386288988509	386322732286	386301623008
386301223091	386337988649	386322886913
386334992268	386353744920	386338103478
386352177700	386369231186	386353908355
386366625581	386385579500	386370451854
386382908528	386410803386	386397406814
386397027217	386428278345	386410974910
386423640614	386449688503	386438853701
386438341294	386468658097	386453306011
386463906627	386492467445	386479510943
386479764057	386508851043	386493068164
386504597379	386538980466	386519000891
386518404814	386554562979	386539134310
386551886052	386583672091	386564994032
386564559282	386602884076	386588396855
386597202687	386619682251	386603763802
386614177506	386643335780	386630741286
386630234973	386658342520	386643890270
386658054402	386696262782	386667391050
386667137584	386709999630	386696722961
386719898179	386755803718	386729426906
386729315827	386771520319	386755907594
386771941237	386804790769	386782305613
386781823880	386835402636	386815114338
386814574975	386850832697	386837122902
386858863511	386898806499	386867139261
386866792573	386924366586	386910050856
386909477499	386960414638	386936360737
386935693908	386984203302	386970612443
386969788919	387006707665	386993375303
386994656671	387035400379	387017397995
387016869703	387052591451	387039369635
387053008266	387085055700	387062693847
387062175243	387110461496	387096222543
387095741053	387132901975	387120832521
387120319412	387158354682	387143884494
387143565623	387195006059	387169636078
387169153282	387218548445	387204906193
387204429759	387243382369	387228943721


16666666
386551886052	386583672091	386564994032
386564559282	386602884076	386588396855
386597202687	386619682251	386603763802
386614177506	386643335780	386630741286
386630234973	386658342520	386643890270
386658054402	386696262782	386667391050
386667137584	386709999630	386696722961
386719898179	386755803718	386729426906
386729315827	386771520319	386755907594
386771941237	386804790769	386782305613
386781823880	386835402636	386815114338
386814574975	386850832697	386837122902
386858863511	386898806499	386867139261
386866792573	386924366586	386910050856
386909477499	386960414638	386936360737
386935693908	386984203302	386970612443
386969788919	387006707665	386993375303
386994656671	387035400379	387017397995
387016869703	387052591451	387039369635
387053008266	387085055700	387062693847
387062175243	387110461496	387096222543
387095741053	387132901975	387120832521
387120319412	387158354682	387143884494
387143565623	387195006059	387169636078
387169153282	387218548445	387204906193
387204429759	387243382369	387228943721
387230036143	387273884966	387260027629
387259501648	387303877738	387285014261
387283763415	387319775723	387304031117
387316459224	387334094445	387319985725
387334137589	387352493227	387337695266
387345123393	387369738892	387353970368
387364348195	387384707078	387370190168
387382947455	387409198940	387395880996
387395464181	387424949743	387409352299
387422734712	387459331132	387434717625
387434559272	387474837778	387459482677
387473156687	387508834030	387484965038
387484528806	387533140982	387520131534
387519651033	387555160021	387541152850
387542434556	387582773010	387565824090
387564896801	387601352308	387587309916
387595030603	387625475502	387612174693
387611722221	387650460832	387636651269
387636816446	387674104406	387660151116
387659717908	387701102504	387686837520
387686204426	387725521648	387711443537
387711018989	387758262759	387735462366
387734983464	387786535189	387767298888
387766904076	387804619680	387790917343
387798373531	387836600878	387815475800
387814906601	387854168476	387837226170
387848920656	387894862171	387865154596
387864577427	387911085805	387895151040
387909944895	387937329099	387922613353
387922210799	387957914352	387937498879
387953449968	387984624368	387969978479
387971279844	388004681016	387987791975
388001317787	388019930454	388005225847
388033912565	388051817671	388036743700
388047945985	388070069471	388054177723
388064519846	388087590877	388070236896
388083429206	388103531395	388087768728
388099736833	388131256901	388120610262


16666666
387395464181	387424949743	387409352299
387422734712	387459331132	387434717625
387434559272	387474837778	387459482677
387473156687	387508834030	387484965038
387484528806	387533140982	387520131534
387519651033	387555160021	387541152850
387542434556	387582773010	387565824090
387564896801	387601352308	387587309916
387595030603	387625475502	387612174693
387611722221	387650460832	387636651269
387636816446	387674104406	387660151116
387659717908	387701102504	387686837520
387686204426	387725521648	387711443537
387711018989	387758262759	387735462366
387734983464	387786535189	387767298888
387766904076	387804619680	387790917343
387798373531	387836600878	387815475800
387814906601	387854168476	387837226170
387848920656	387894862171	387865154596
387864577427	387911085805	387895151040
387909944895	387937329099	387922613353
387922210799	387957914352	387937498879
387953449968	387984624368	387969978479
387971279844	388004681016	387987791975
388001317787	388019930454	388005225847
388033912565	388051817671	388036743700
388047945985	388070069471	388054177723
388064519846	388087590877	388070236896
388083429206	388103531395	388087768728
388099736833	388131256901	388120610262
388123985922	388148106831	388136694925
388156656967	388190946037	388166609523
388166181207	388207115787	388191103887
388208780249	388232469644	388220076656
388220271835	388252362653	388238488185
388243523964	388269002265	388254002444
388267655067	388286468479	388269996031
388281828249	388302511236	388286593372
388302814684	388345422850	388312677732
388312319287	388362069662	388345566351
388358769332	388386203507	388372784485
388372280264	388408024197	388392825980
388407995213	388437776467	388418754399
388418358131	388455587805	388437906198
388450062653	388471324534	388455732180
388468038144	388486613867	388471534175
388483265787	388505371139	388486727151
388499851340	388546234729	388515228135
388514888396	388569146975	388557662307
388557216544	388594874910	388580070871
388580009316	388617957477	388604736827
388604192525	388641961620	388628037277
388627639516	388673943339	388651809441
388651288099	388703683744	388683911536
388683741836	388733664031	388714220302
388713667582	388752760200	388737317289
388746356157	388777562687	388763511208
388763074533	388801230766	388788063833
388787591757	388826310249	388812362758
388812023822	388853350629	388838388467
388837876426	388889962984	388864590418
388864368907	388920266900	388900061571
388899439291	388951738257	388931022506


16666666
388220271835	388252362653	388238488185
388243523964	388269002265	388254002444
388267655067	388286468479	388269996031
388281828249	388302511236	388286593372
388302814684	388345422850	388312677732
388312319287	388362069662	388345566351
388358769332	388386203507	388372784485
388372280264	388408024197	388392825980
388407995213	388437776467	388418754399
388418358131	388455587805	388437906198
388450062653	388471324534	388455732180
388468038144	388486613867	388471534175
388483265787	388505371139	388486727151
388499851340	388546234729	388515228135
388514888396	388569146975	388557662307
388557216544	388594874910	388580070871
388580009316	388617957477	388604736827
388604192525	388641961620	388628037277
388627639516	388673943339	388651809441
388651288099	388703683744	388683911536
388683741836	388733664031	388714220302
388713667582	388752760200	388737317289
388746356157	388777562687	388763511208
388763074533	388801230766	388788063833
388787591757	388826310249	388812362758
388812023822	388853350629	388838388467
388837876426	388889962984	388864590418
388864368907	388920266900	388900061571
388899439291	388951738257	388931022506
388930533910	388970120228	388954037809
388964666369	389014816408	388980982260
388980600110	389038353400	389025089169
389024718104	389052891631	389038593907
389059211112	389093586836	389069619039
389068981569	389117461647	389103628943
389103154421	389139719804	389124792610
389128483325	389170450499	389150393693
389149954902	389187140546	389170627009
389184535088	389231481551	389198407886
389198244357	389255282778	389242433902
389241062828	389271643157	389255411418
389266959508	389289375252	389271740030
389283681349	389306508896	389289634148
389304319451	389340507749	389316542722
389316086016	389357843221	389340612529
389354424960	389384199656	389369806259
389369385877	389400967314	389387441906
389399352847	389425258303	389411472775
389410899787	389443295420	389425479629
389440269644	389467798153	389453193866
389452869096	389490237862	389478482719
389478001328	389507450121	389490417016
389507693464	389543721228	389518781626
389518386388	389560722394	389543886711
389557958418	389581559359	389570558173
389570064586	389605845850	389592326367
389605216641	389634742950	389617549894
389617104673	389654209280	389639408964
389647906348	389671386179	389654403378
389668210158	389687753429	389671563993
389686278632	389730683787	389699146314
389698474006	389749690233	389730853435
389744076501	389775867706	389759785937


16666666
389059211112	389093586836	389069619039
389068981569	389117461647	389103628943
389103154421	389139719804	389124792610
389128483325	389170450499	389150393693
389149954902	389187140546	389170627009
389184535088	389231481551	389198407886
389198244357	389255282778	389242433902
389241062828	389271643157	389255411418
389266959508	389289375252	389271740030
389283681349	389306508896	389289634148
389304319451	389340507749	389316542722
389316086016	389357843221	389340612529
389354424960	389384199656	389369806259
389369385877	389400967314	389387441906
389399352847	389425258303	389411472775
389410899787	389443295420	389425479629
389440269644	389467798153	389453193866
389452869096	389490237862	389478482719
389478001328	389507450121	389490417016
389507693464	389543721228	389518781626
389518386388	389560722394	389543886711
389557958418	389581559359	389570558173
389570064586	389605845850	389592326367
389605216641	389634742950	389617549894
389617104673	389654209280	389639408964
389647906348	389671386179	389654403378
389668210158	389687753429	389671563993
389686278632	389730683787	389699146314
389698474006	389749690233	389730853435
389744076501	389775867706	389759785937
389760477248	389799291840	389787496650
389787033728	389826088127	389809868099
389812456887	389851919401	389837274385
389836786990	389871080055	389856221071
389864435142	389901084920	389881589776
389880894699	389926525650	389911743934
389911041553	389943736679	389926814555
389940437721	389969829793	389955155833
389954705207	389984344978	389970152110
389994773300	390018843614	390005529019
390004997756	390042581342	390027279552
390042857515	390068418744	390053895789
390053376352	390086530789	390073275103
390081373144	390118192370	390096852918
390096419676	390140670314	390129541070
390129014935	390158057885	390140812310
390155082799	390195544787	390169436712
390168975332	390211946375	390195723117
390208772179	390237918367	390223396008
390222613979	390272906306	390246566979
390246147573	390303955038	390282758874
390282161066	390318141168	390304275358
390327883105	390351638481	390336610946
390336532730	390377265050	390363710226
390363254843	390399006564	390387495390
390387195802	390423644965	390410102694
390409568034	390440114941	390423777351
390437975414	390474710174	390451245761
390450817766	390506856186	390486215107
390485636922	390526474034	390507126948
390522335338	390550113897	390538410580
390537959581	390570832556	390555041962
390570530644	390611237826	390581715758


16666666
389812456887	389851919401	389837274385
389836786990	389871080055	389856221071
389864435142	389901084920	389881589776
389880894699	389926525650	389911743934
389911041553	389943736679	389926814555
389940437721	389969829793	389955155833
389954705207	389984344978	389970152110
389994773300	390018843614	390005529019
390004997756	390042581342	390027279552
390042857515	390068418744	390053895789
390053376352	390086530789	390073275103
390081373144	390118192370	390096852918
390096419676	390140670314	390129541070
390129014935	390158057885	390140812310
390155082799	390195544787	390169436712
390168975332	390211946375	390195723117
390208772179	390237918367	390223396008
390222613979	390272906306	390246566979
390246147573	390303955038	390282758874
390282161066	390318141168	390304275358
390327883105	390351638481	390336610946
390336532730	390377265050	390363710226
390363254843	390399006564	390387495390
390387195802	390423644965	390410102694
390409568034	390440114941	390423777351
390437975414	390474710174	390451245761
390450817766	390506856186	390486215107
390485636922	390526474034	390507126948
390522335338	390550113897	390538410580
390537959581	390570832556	390555041962
390570530644	390611237826	390581715758
390581142891	390624383658	390611418111
390634815583	390651622415	390636647935
390657764842	390694882391	390668000529
390667579827	390710111569	390695247524
390720048534	390754747781	390730078313
390729581846	390771425695	390754887884
390777360847	390799446452	390787713403
390787318083	390820915561	390805594708
390812801575	390852622500	390830849185
390830120626	390874199096	390863092218
390862501878	390915307626	390884400501
390884202258	390939891261	390927161184
390926468069	390959488917	390940058246
390956056375	390984498014	390970530112
390970053912	391009447729	390994438033
390994660302	391025295016	391009610547
391026169141	391054891478	391036407353
391035857090	391070899763	391055053533
391069837738	391103172535	391082153470
391081697673	391121399269	391103749279
391119416034	391166801146	391131968819
391131370633	391185158495	391167137529
391181532519	391212291005	391197122087
391196633754	391238587669	391224424185
391223950499	391275156390	391248083142
391247702280	391293550005	391275387574
391291452885	391317448921	391303546165
391303095113	391341141557	391324111392
391341315564	391369493220	391352859562
391352402152	391387196743	391371323211
391381607146	391403380738	391387262803
391401578051	391418887309	391403439854


16666666
390570530644	390611237826	390581715758
390581142891	390624383658	390611418111
390634815583	390651622415	390636647935
390657764842	390694882391	390668000529
390667579827	390710111569	390695247524
390720048534	390754747781	390730078313
390729581846	390771425695	390754887884
390777360847	390799446452	390787713403
390787318083	390820915561	390805594708
390812801575	390852622500	390830849185
390830120626	390874199096	390863092218
390862501878	390915307626	390884400501
390884202258	390939891261	390927161184
390926468069	390959488917	390940058246
390956056375	390984498014	390970530112
390970053912	391009447729	390994438033
390994660302	391025295016	391009610547
391026169141	391054891478	391036407353
391035857090	391070899763	391055053533
391069837738	391103172535	391082153470
391081697673	391121399269	391103749279
391119416034	391166801146	391131968819
391131370633	391185158495	391167137529
391181532519	391212291005	391197122087
391196633754	391238587669	391224424185
391223950499	391275156390	391248083142
391247702280	391293550005	391275387574
391291452885	391317448921	391303546165
391303095113	391341141557	391324111392
391341315564	391369493220	391352859562
391352402152	391387196743	391371323211
391381607146	391403380738	391387262803
391401578051	391418887309	391403439854
391418082352	391443584786	391429075333
391444168033	391468728497	391455098359
391454663669	391494419362	391480469072
391479843587	391511510095	391494547053
391506041379	391536010545	391521531352
391521168174	391557784097	391542943952
391548722125	391598679637	391568072033
391567638914	391619536034	391598812925
391597525115	391634250236	391620758937
391642363781	391667839286	391654458585
391654412584	391693411167	391678194504
391677738780	391719522603	391705176716
391704763206	391742015068	391730530771
391730011996	391771878884	391752472395
391752021657	391806009980	391783590299
391782847269	391820054098	391806384134
391830780743	391855648299	391839357714
391842147276	391882644921	391866702613
391866053832	391907346102	391892912402
391892475922	391947032764	391918133958
391917971673	391970698318	391957163888
391956769255	391987444459	391970914862
391986215177	392023750703	391998604653
391998059074	392051429756	392035362584
392034706575	392070167762	392056096250
392064395251	392115849470	392079882449
392079203784	392139975803	392125992090
392126237726	392178357837	392150675518
392150254828	392202588174	392189605894
392189014829	392226969943	392211092633


16666666
391444168033	391468728497	391455098359
391454663669	391494419362	391480469072
391479843587	391511510095	391494547053
391506041379	391536010545	391521531352
391521168174	391557784097	391542943952
391548722125	391598679637	391568072033
391567638914	391619536034	391598812925
391597525115	391634250236	391620758937
391642363781	391667839286	391654458585
391654412584	391693411167	391678194504
391677738780	391719522603	391705176716
391704763206	391742015068	391730530771
391730011996	391771878884	391752472395
391752021657	391806009980	391783590299
391782847269	391820054098	391806384134
391830780743	391855648299	391839357714
391842147276	391882644921	391866702613
391866053832	391907346102	391892912402
391892475922	391947032764	391918133958
391917971673	391970698318	391957163888
391956769255	391987444459	391970914862
391986215177	392023750703	391998604653
391998059074	392051429756	392035362584
392034706575	392070167762	392056096250
392064395251	392115849470	392079882449
392079203784	392139975803	392125992090
392126237726	392178357837	392150675518
392150254828	392202588174	392189605894
392189014829	392226969943	392211092633
392212363312	392251552848	392237363899
392237865137	392271706681	392257186886
392261775986	392300621542	392282132545
392281617823	392319180965	392304494623
392313600129	392337746438	392320458564
392334348438	392383160050	392348643693
392347960206	392407807738	392394597623
392394832813	392445640491	392419111016
392418574767	392470817033	392456391496
392455728919	392505643307	392482069639
392481671588	392521161288	392505802656
392519791674	392554547532	392531417373
392530827565	392570604427	392554696755
392566528329	392586326733	392570896402
392584494487	392611270333	392598010473
392597626875	392636630537	392622940166
392622229795	392676978521	392647049657
392646569965	392693705907	392677533243
392691831039	392717241722	392704334533
392703766362	392741266537	392725195072
392741691430	392768223158	392752382466
392751709790	392786476103	392772202091
392786313074	392817586974	392797074022
392796403291	392839375076	392828401134
392827991781	392878018478	392849595246
392849494139	392894196751	392878060792
392892073510	392917538596	392904313059
392904347781	392942316649	392927217134
392929178777	392958934734	392942585078
392956035161	392988296489	392969030280
392968569857	393005599000	392988420064
393000110078	393023105107	393005764686
393018813178	393038958211	393023281693
393039246706	393065410871	393050614586
393050466812	393088903700	393076101309

