m_level_cathedral_sfx_catacomb.vxn
('VoxN', 0, 16, [774909488, 3604529, 10281472, 512])
('Afmt', 24, 12, [131089, 32000, 263168])
('Segm', 44, 52, [2, 0, 5140480, 5105117, 0, 0, 0, 5140480, 5140480, 5105117, 0, 0, 0])
('Rule', 104, 76, [2, 1, 0, 0, 0, 1073741824, 1073741824, 1073741824, 0, 4294967295, 1, 0, 0, 0, 1073741824, 1073741824, 1073741824, 0, 4294967295])
('Plst', 188, 20, [2, 0, 1, 0, 1])
('Stat', 216, 68, [2, 0, 1768058209, 7630437, 2226372, 2226280, 13645601, 2226460, 92, 1, 1651339107, 29793, 2226372, 2226280, 13645601, 2226460, 92])
('Trsn', 292, 68, [4, 0, 0, 4294967295, 0, 0, 1, 0, 0, 1, 0, 1, 0, 1, 1, 4294967295, 0])
('Grps', 368, 52, [2, 0, 0, 0, 0, 1, 4294967295, 1, 0, 0, 0, 1, 4294967295])
('Grpe', 428, 68, [2, 0, 0, 0, 0, 0, 0, 4294967295, 1, 1, 0, 0, 1, 0, 0, 4294967295, 1])
('Data', 504, 10280960, [])
m_level_darkwood_sfx_darkwood.vxn
('VoxN', 0, 16, [774909488, 3604529, 11692544, 512])
('Afmt', 24, 12, [131089, 32000, 263168])
('Segm', 44, 52, [2, 0, 5846016, 5805166, 0, 0, 0, 5846016, 5846016, 5805166, 0, 0, 0])
('Rule', 104, 76, [2, 1, 0, 0, 0, 1073741824, 1073741824, 1073741824, 0, 4294967295, 1, 0, 0, 0, 1073741824, 1073741824, 1073741824, 0, 4294967295])
('Plst', 188, 20, [2, 0, 1, 0, 1])
('Stat', 216, 68, [2, 0, 1768058209, 7630437, 2489308, 2489216, 19937057, 2489396, 92, 1, 1651339107, 29793, 2489308, 2489216, 19937057, 2489396, 92])
('Trsn', 292, 68, [4, 0, 0, 4294967295, 0, 0, 1, 0, 0, 1, 0, 1, 0, 1, 1, 4294967295, 0])
('Grps', 368, 52, [2, 0, 0, 0, 0, 1, 4294967295, 1, 0, 0, 0, 1, 4294967295])
('Grpe', 428, 68, [2, 0, 0, 0, 0, 0, 0, 4294967295, 1, 1, 0, 0, 1, 0, 0, 4294967295, 1])
('Data', 504, 11692032, [])
m_level_darkwood_sfx_infected.vxn
('VoxN', 0, 16, [774909488, 3604529, 11692544, 512])
('Afmt', 24, 12, [131089, 32000, 263168])
('Segm', 44, 52, [2, 0, 5846016, 5805166, 0, 0, 0, 5846016, 5846016, 5805166, 0, 0, 0])
('Rule', 104, 76, [2, 1, 0, 0, 0, 1073741824, 1073741824, 1073741824, 0, 4294967295, 1, 0, 0, 0, 1073741824, 1073741824, 1073741824, 0, 4294967295])
('Plst', 188, 20, [2, 0, 1, 0, 1])
('Stat', 216, 68, [2, 0, 1768058209, 7630437, 2684748, 2684656, 15808289, 2684836, 92, 1, 1651339107, 29793, 2684748, 2684656, 15808289, 2684836, 92])
('Trsn', 292, 68, [4, 0, 0, 4294967295, 0, 0, 1, 0, 0, 1, 0, 1, 0, 1, 1, 4294967295, 0])
('Grps', 368, 52, [2, 0, 0, 0, 0, 1, 4294967295, 1, 0, 0, 0, 1, 4294967295])
('Grpe', 428, 68, [2, 0, 0, 0, 0, 0, 0, 4294967295, 1, 1, 0, 0, 1, 0, 0, 4294967295, 1])
('Data', 504, 11692032, [])
m_level_darkwood_sfx_root_den.vxn
('VoxN', 0, 16, [774909488, 2005270577, 11692544, 512])
('Afmt', 24, 12, [131089, 32000, 263168])
('Segm', 44, 52, [2, 0, 5846016, 5805166, 0, 0, 0, 5846016, 5846016, 5805166, 0, 0, 0])
('Rule', 104, 76, [2, 1, 0, 0, 0, 1073741824, 1073741824, 1073741824, 0, 4294967295, 1, 0, 0, 0, 1073741824, 1073741824, 1073741824, 0, 4294967295])
('Plst', 188, 20, [2, 0, 1, 0, 1])
('Stat', 216, 68, [2, 0, 1768058209, 7630437, 2488768, 2488676, 20723489, 2488856, 92, 1, 1651339107, 29793, 2488768, 2488676, 20723489, 2488856, 92])
('Trsn', 292, 68, [4, 0, 0, 4294967295, 0, 0, 1, 0, 0, 1, 0, 1, 0, 1, 1, 4294967295, 0])
('Grps', 368, 52, [2, 0, 0, 0, 0, 1, 4294967295, 1, 0, 0, 0, 1, 4294967295])
('Grpe', 428, 68, [2, 0, 0, 0, 0, 0, 0, 4294967295, 1, 1, 0, 0, 1, 0, 0, 4294967295, 1])
('Data', 504, 11692032, [])
m_level_darkwood_sfx_void_maze.vxn
('VoxN', 0, 16, [774909488, 3604529, 11692544, 512])
('Afmt', 24, 12, [131089, 32000, 263168])
('Segm', 44, 52, [2, 0, 5846016, 5805166, 0, 0, 0, 5846016, 5846016, 5805166, 0, 0, 0])
('Rule', 104, 76, [2, 1, 0, 0, 0, 1073741824, 1073741824, 1073741824, 0, 4294967295, 1, 0, 0, 0, 1073741824, 1073741824, 1073741824, 0, 4294967295])
('Plst', 188, 20, [2, 0, 1, 0, 1])
('Stat', 216, 68, [2, 0, 1768058209, 7630437, 1504964, 1504872, 20723489, 1505052, 92, 1, 1651339107, 29793, 1504964, 1504872, 20723489, 1505052, 92])
('Trsn', 292, 68, [4, 0, 0, 4294967295, 0, 0, 1, 0, 0, 1, 0, 1, 0, 1, 1, 4294967295, 0])
('Grps', 368, 52, [2, 0, 0, 0, 0, 1, 4294967295, 1, 0, 0, 0, 1, 4294967295])
('Grpe', 428, 68, [2, 0, 0, 0, 0, 0, 0, 4294967295, 1, 1, 0, 0, 1, 0, 0, 4294967295, 1])
('Data', 504, 11692032, [])
m_level_gothicus_no_ambiance.vxn
('VoxN', 0, 16, [774909488, 2005270577, 9515520, 512])
('Afmt', 24, 12, [131089, 32000, 263168])
('Segm', 44, 52, [2, 0, 4757504, 4724364, 0, 0, 0, 4757504, 4757504, 4724364, 0, 0, 0])
('Rule', 104, 76, [2, 1, 0, 0, 0, 1073741824, 1073741824, 1073741824, 0, 4294967295, 1, 0, 0, 0, 1073741824, 1073741824, 1073741824, 0, 4294967295])
('Plst', 188, 20, [2, 0, 2, 0, 2])
('Stat', 216, 68, [2, 0, 1768058209, 7630437, 1635920, 1635828, 4077345, 1636008, 92, 1, 1651339107, 29793, 1635920, 1635828, 4077345, 1636008, 92])
('Trsn', 292, 68, [4, 0, 0, 4294967295, 0, 0, 1, 0, 0, 1, 0, 1, 0, 1, 1, 4294967295, 0])
('Grps', 368, 52, [2, 0, 0, 0, 0, 1, 4294967295, 1, 0, 0, 0, 1, 4294967295])
('Grpe', 428, 68, [2, 0, 0, 0, 0, 0, 0, 4294967295, 1, 1, 0, 0, 1, 0, 0, 4294967295, 1])
('Data', 504, 9515008, [])
m_level_hell_sfx_dark.vxn
('VoxN', 0, 16, [774909488, 3604529, 8397312, 512])
('Afmt', 24, 12, [131089, 32000, 263168])
('Segm', 44, 52, [2, 0, 4198400, 4169150, 0, 0, 0, 4198400, 4198400, 4169150, 0, 0, 0])
('Rule', 104, 76, [2, 1, 0, 0, 0, 1073741824, 1073741824, 1073741824, 0, 4294967295, 1, 0, 0, 0, 1073741824, 1073741824, 1073741824, 0, 4294967295])
('Plst', 188, 20, [2, 0, 1, 0, 1])
('Stat', 216, 68, [2, 0, 1768058209, 7630437, 1570020, 1569928, 13776673, 1570108, 92, 1, 1651339107, 29793, 1570020, 1569928, 13776673, 1570108, 92])
('Trsn', 292, 68, [4, 0, 0, 4294967295, 0, 0, 1, 0, 0, 1, 0, 1, 0, 1, 1, 4294967295, 0])
('Grps', 368, 52, [2, 0, 0, 0, 0, 1, 4294967295, 1, 0, 0, 0, 1, 4294967295])
('Grpe', 428, 68, [2, 0, 0, 0, 0, 0, 0, 4294967295, 1, 1, 0, 0, 1, 0, 0, 4294967295, 1])
('Data', 504, 8396800, [])
m_level_icy_cliff_sfx_ice_cavern.vxn
('VoxN', 0, 16, [774909488, 3604529, 10463744, 512])
('Afmt', 24, 12, [131089, 32000, 263168])
('Segm', 44, 52, [2, 0, 5231616, 5195283, 0, 0, 0, 5231616, 5231616, 5195283, 0, 0, 0])
('Rule', 104, 76, [2, 1, 0, 0, 0, 1073741824, 1073741824, 1073741824, 0, 4294967295, 1, 0, 0, 0, 1073741824, 1073741824, 1073741824, 0, 4294967295])
('Plst', 188, 20, [2, 0, 1, 0, 1])
('Stat', 216, 68, [2, 0, 1768058209, 7630437, 2094060, 2093968, 13776673, 2094148, 92, 1, 1651339107, 29793, 2094060, 2093968, 13776673, 2094148, 92])
('Trsn', 292, 68, [4, 0, 0, 4294967295, 0, 0, 1, 0, 0, 1, 0, 1, 0, 1, 1, 4294967295, 0])
('Grps', 368, 52, [2, 0, 0, 0, 0, 1, 4294967295, 1, 0, 0, 0, 1, 4294967295])
('Grpe', 428, 68, [2, 0, 0, 0, 0, 0, 0, 4294967295, 1, 1, 0, 0, 1, 0, 0, 4294967295, 1])
('Data', 504, 10463232, [])
m_level_icy_cliff_sfx_ice_hub.vxn
('VoxN', 0, 16, [774909488, 2005270577, 10463744, 512])
('Afmt', 24, 12, [131089, 32000, 263168])
('Segm', 44, 52, [2, 0, 5231616, 5195283, 0, 0, 0, 5231616, 5231616, 5195283, 0, 0, 0])
('Rule', 104, 76, [2, 1, 0, 0, 0, 1073741824, 1073741824, 1073741824, 0, 4294967295, 1, 0, 0, 0, 1073741824, 1073741824, 1073741824, 0, 4294967295])
('Plst', 188, 20, [2, 0, 1, 0, 1])
('Stat', 216, 68, [2, 0, 1768058209, 7630437, 2553488, 2553396, 20395809, 2553576, 92, 1, 1651339107, 29793, 2553488, 2553396, 20395809, 2553576, 92])
('Trsn', 292, 68, [4, 0, 0, 4294967295, 0, 0, 1, 0, 0, 1, 0, 1, 0, 1, 1, 4294967295, 0])
('Grps', 368, 52, [2, 0, 0, 0, 0, 1, 4294967295, 1, 0, 0, 0, 1, 4294967295])
('Grpe', 428, 68, [2, 0, 0, 0, 0, 0, 0, 4294967295, 1, 1, 0, 0, 1, 0, 0, 4294967295, 1])
('Data', 504, 10463232, [])
m_level_icy_cliff_sfx_wind.vxn
('VoxN', 0, 16, [774909488, 2005270577, 10463744, 512])
('Afmt', 24, 12, [131089, 32000, 263168])
('Segm', 44, 52, [2, 0, 5231616, 5195283, 0, 0, 0, 5231616, 5231616, 5195283, 0, 0, 0])
('Rule', 104, 76, [2, 1, 0, 0, 0, 1073741824, 1073741824, 1073741824, 0, 4294967295, 1, 0, 0, 0, 1073741824, 1073741824, 1073741824, 0, 4294967295])
('Plst', 188, 20, [2, 0, 1, 0, 1])
('Stat', 216, 68, [2, 0, 1768058209, 7630437, 1504528, 1504436, 20395809, 1504616, 92, 1, 1651339107, 29793, 1504528, 1504436, 20395809, 1504616, 92])
('Trsn', 292, 68, [4, 0, 0, 4294967295, 0, 0, 1, 0, 0, 1, 0, 1, 0, 1, 1, 4294967295, 0])
('Grps', 368, 52, [2, 0, 0, 0, 0, 1, 4294967295, 1, 0, 0, 0, 1, 4294967295])
('Grpe', 428, 68, [2, 0, 0, 0, 0, 0, 0, 4294967295, 1, 1, 0, 0, 1, 0, 0, 4294967295, 1])
('Data', 504, 10463232, [])
m_level_red_desert_no_ambiance.vxn
('VoxN', 0, 16, [774909488, 3604529, 8946176, 512])
('Afmt', 24, 12, [131089, 32000, 263168])
('Segm', 44, 52, [2, 0, 4472832, 4441600, 0, 0, 0, 4472832, 4472832, 4441600, 0, 0, 0])
('Rule', 104, 76, [2, 1, 0, 0, 0, 1073741824, 1073741824, 1073741824, 0, 4294967295, 1, 0, 0, 0, 1073741824, 1073741824, 1073741824, 0, 4294967295])
('Plst', 188, 20, [2, 0, 2, 0, 2])
('Stat', 216, 68, [2, 0, 1768058209, 7630437, 2423140, 2423048, 20395809, 2423228, 92, 1, 1651339107, 29793, 2423140, 2423048, 20395809, 2423228, 92])
('Trsn', 292, 68, [4, 0, 0, 4294967295, 0, 0, 1, 0, 0, 1, 0, 1, 0, 1, 1, 4294967295, 0])
('Grps', 368, 52, [2, 0, 0, 0, 0, 1, 4294967295, 1, 0, 0, 0, 1, 4294967295])
('Grpe', 428, 68, [2, 0, 0, 0, 0, 0, 0, 4294967295, 1, 1, 0, 0, 1, 0, 0, 4294967295, 1])
('Data', 504, 8945664, [])
m_level_red_desert_sfx_fire.vxn
('VoxN', 0, 16, [774909488, 3604529, 8946176, 512])
('Afmt', 24, 12, [131089, 32000, 263168])
('Segm', 44, 52, [2, 0, 4472832, 4441600, 0, 0, 0, 4472832, 4472832, 4441600, 0, 0, 0])
('Rule', 104, 76, [2, 1, 0, 0, 0, 1073741824, 1073741824, 1073741824, 0, 4294967295, 1, 0, 0, 0, 1073741824, 1073741824, 1073741824, 0, 4294967295])
('Plst', 188, 20, [2, 0, 1, 0, 1])
('Stat', 216, 68, [2, 0, 1768058209, 7630437, 1766412, 1766320, 20395809, 1766500, 92, 1, 1651339107, 29793, 1766412, 1766320, 20395809, 1766500, 92])
('Trsn', 292, 68, [4, 0, 0, 4294967295, 0, 0, 1, 0, 0, 1, 0, 1, 0, 1, 1, 4294967295, 0])
('Grps', 368, 52, [2, 0, 0, 0, 0, 1, 4294967295, 1, 0, 0, 0, 1, 4294967295])
('Grpe', 428, 68, [2, 0, 0, 0, 0, 0, 0, 4294967295, 1, 1, 0, 0, 1, 0, 0, 4294967295, 1])
('Data', 504, 8945664, [])
m_level_red_desert_sfx_red_desert.vxn
('VoxN', 0, 16, [774909488, 2621489, 8946176, 512])
('Afmt', 24, 12, [131089, 32000, 263168])
('Segm', 44, 52, [2, 0, 4472832, 4441600, 0, 0, 0, 4472832, 4472832, 4441600, 0, 0, 0])
('Rule', 104, 76, [2, 1, 0, 0, 0, 1073741824, 1073741824, 1073741824, 0, 4294967295, 1, 0, 0, 0, 1073741824, 1073741824, 1073741824, 0, 4294967295])
('Plst', 188, 20, [2, 0, 1, 0, 1])
('Stat', 216, 68, [2, 0, 1768058209, 7630437, 4062116, 4062024, 2242337, 4062204, 92, 1, 1651339107, 29793, 4062116, 4062024, 2242337, 4062204, 92])
('Trsn', 292, 68, [4, 0, 0, 4294967295, 0, 0, 1, 0, 0, 1, 0, 1, 0, 1, 1, 4294967295, 0])
('Grps', 368, 52, [2, 0, 0, 0, 0, 1, 4294967295, 1, 0, 0, 0, 1, 4294967295])
('Grpe', 428, 68, [2, 0, 0, 0, 0, 0, 0, 4294967295, 1, 1, 0, 0, 1, 0, 0, 4294967295, 1])
('Data', 504, 8945664, [])
m_level_swamp_sfx_swamp.vxn
('VoxN', 0, 16, [774909488, 2621489, 12278272, 512])
('Afmt', 24, 12, [131089, 32000, 263168])
('Segm', 44, 52, [2, 0, 6138880, 6096650, 0, 0, 0, 6138880, 6138880, 6096650, 0, 0, 0])
('Rule', 104, 76, [2, 1, 0, 0, 0, 1073741824, 1073741824, 1073741824, 0, 4294967295, 1, 0, 0, 0, 1073741824, 1073741824, 1073741824, 0, 4294967295])
('Plst', 188, 20, [2, 0, 1, 0, 1])
('Stat', 216, 68, [2, 0, 1768058209, 7630437, 2095796, 2095704, 2963233, 2095884, 92, 1, 1651339107, 29793, 2095796, 2095704, 2963233, 2095884, 92])
('Trsn', 292, 68, [4, 0, 0, 4294967295, 0, 0, 1, 0, 0, 1, 0, 1, 0, 1, 1, 4294967295, 0])
('Grps', 368, 52, [2, 0, 0, 0, 0, 1, 4294967295, 1, 0, 0, 0, 1, 4294967295])
('Grpe', 428, 68, [2, 0, 0, 0, 0, 0, 0, 4294967295, 1, 1, 0, 0, 1, 0, 0, 4294967295, 1])
('Data', 504, 12277760, [])
m_level_swamp_sfx_water.vxn
('VoxN', 0, 16, [774909488, 2621489, 12278272, 512])
('Afmt', 24, 12, [131089, 32000, 263168])
('Segm', 44, 52, [2, 0, 6138880, 6096650, 0, 0, 0, 6138880, 6138880, 6096650, 0, 0, 0])
('Rule', 104, 76, [2, 1, 0, 0, 0, 1073741824, 1073741824, 1073741824, 0, 4294967295, 1, 0, 0, 0, 1073741824, 1073741824, 1073741824, 0, 4294967295])
('Plst', 188, 20, [2, 0, 1, 0, 1])
('Stat', 216, 68, [2, 0, 1768058209, 7630437, 3012012, 3011920, 19019553, 3012100, 92, 1, 1651339107, 29793, 3012012, 3011920, 19019553, 3012100, 92])
('Trsn', 292, 68, [4, 0, 0, 4294967295, 0, 0, 1, 0, 0, 1, 0, 1, 0, 1, 1, 4294967295, 0])
('Grps', 368, 52, [2, 0, 0, 0, 0, 1, 4294967295, 1, 0, 0, 0, 1, 4294967295])
('Grpe', 428, 68, [2, 0, 0, 0, 0, 0, 0, 4294967295, 1, 1, 0, 0, 1, 0, 0, 4294967295, 1])
('Data', 504, 12277760, [])
m_level_swamp_sfx_witch.vxn
('VoxN', 0, 16, [774909488, 2005270577, 12278272, 512])
('Afmt', 24, 12, [131089, 32000, 263168])
('Segm', 44, 52, [2, 0, 6138880, 6096650, 0, 0, 0, 6138880, 6138880, 6096650, 0, 0, 0])
('Rule', 104, 76, [2, 1, 0, 0, 0, 1073741824, 1073741824, 1073741824, 0, 4294967295, 1, 0, 0, 0, 1073741824, 1073741824, 1073741824, 0, 4294967295])
('Plst', 188, 20, [2, 0, 1, 0, 1])
('Stat', 216, 68, [2, 0, 1768058209, 7630437, 4060448, 4060356, 2766625, 4060536, 92, 1, 1651339107, 29793, 4060448, 4060356, 2766625, 4060536, 92])
('Trsn', 292, 68, [4, 0, 0, 4294967295, 0, 0, 1, 0, 0, 1, 0, 1, 0, 1, 1, 4294967295, 0])
('Grps', 368, 52, [2, 0, 0, 0, 0, 1, 4294967295, 1, 0, 0, 0, 1, 4294967295])
('Grpe', 428, 68, [2, 0, 0, 0, 0, 0, 0, 4294967295, 1, 1, 0, 0, 1, 0, 0, 4294967295, 1])
('Data', 504, 12277760, [])
m_title.vxn
('VoxN', 0, 16, [774909488, 2005270577, 3837292, 364])
('Afmt', 24, 12, [131089, 32000, 263168])
('Segm', 44, 52, [2, 0, 188416, 186636, 0, 0, 0, 188416, 3648512, 3622848, 0, 0, 0])
('Rule', 104, 40, [1, 0, 6, 0, 0, 0, 0, 0, 0, 4294967295])
('Plst', 152, 12, [1, 0, 1])
('Stat', 172, 36, [1, 0, 2005532787, 2005558582, 3142680, 3142588, 18757409, 3142768, 92])
('Trsn', 216, 20, [1, 0, 0, 4294967295, 0])
('Grps', 244, 28, [1, 0, 0, 0, 0, 1, 4294967295])
('Grpe', 280, 68, [2, 0, 0, 0, 0, 0, 0, 1, 1, 0, 1, 0, 1, 0, 0, 4294967295, 1])
('Data', 356, 3836928, [])